DNA_plate,DNA_well,phylo_entropy,quadratic,unrooted_pd,rooted_pd,bwpd
P10,A10,3.41302492796683,0.917971539729601,139.058051151561,139.057244982897,2.07458352236127
P10,A1,3.09774381379143,0.861524710207125,121.932749292129,121.932738797886,1.94394608840904
P10,A2,3.15217907736474,0.859962028988334,121.24306516398,121.243086713787,1.95242728389834
P10,A3,3.37169156164326,0.909426272494206,124.761010414416,124.760868513728,2.02609727608972
P10,A4,3.49749651380653,0.966241751239487,144.357216902316,144.356164524231,2.18006839125945
P10,A5,3.15087557228122,0.90467841849195,100.555322303909,100.55630504599,2.07767042807245
P10,A6,3.05870550770038,0.841188105146154,115.227795933394,115.228096964164,1.88696825302626
P10,A7,3.08680328394514,0.90793427622964,110.865821921292,110.866325617755,2.09939309789186
P10,A8,3.42966968518715,1.06137717486143,107.635708554983,107.636362328718,2.54800260733942
P10,A9,3.15647953003344,0.942616664615798,130.624715995873,130.62430165616,2.23620434326645
P10,B10,3.15494206249904,0.928473149005778,140.629307330609,140.628428158365,2.3227832138864
P10,B1,3.22630061001992,0.92748682202913,112.334181677996,112.334617151643,2.1360721896587
P10,B2,3.51247011066337,0.93542202373652,143.393605811979,143.392598205117,2.10947491115733
P10,B3,3.32339502713849,0.94831930923051,119.413177436876,119.413284006782,2.17919532701791
P10,B4,3.43345764867772,0.953123711196147,120.375398035019,120.375459898307,2.14797288676072
P10,B5,3.24809254115978,0.946849062182629,123.166115868072,123.166048069249,2.28582349432763
P10,B6,3.33977239870066,0.89861908672361,116.334627719697,116.334877324936,2.02518263736048
P10,B7,3.0622260855328,0.839016445860193,106.015785149151,106.016514187638,1.89000319062782
P10,B8,2.94194710363812,0.795637633182682,119.033573067956,119.03369727501,1.83018789646002
P10,B9,3.2374751023171,0.899940351637201,102.894130173962,102.895004250536,2.02816560685243
P10,C10,3.41213364243963,0.900443846003451,153.68185755426,153.680371935459,2.06024032410731
P10,C1,3.27444116955742,0.892416210125151,122.130199183655,122.130179515511,2.00991440675535
P10,C2,3.07604101120429,0.881642735640415,112.780529672221,112.780944407683,2.02639869112549
P10,C3,3.30995889781606,0.944153246774568,121.187445476226,121.187469610231,2.0987382997107
P10,C4,2.98546411950331,0.901557405897704,95.6774756878906,95.678685064095,2.09360385048066
P10,C5,2.96668027701772,0.808476195791624,115.981442702459,115.981708717353,1.82511580896152
P10,C6,3.31918370302251,0.915554114295103,117.501250670335,117.501446072031,2.09228386049642
P10,C7,2.94150146087452,0.829621871713263,118.6845595273,118.684699950193,1.91572740488765
P10,C8,3.17202132141387,0.90492527210132,120.31421637849,120.314281084395,2.09538115982952
P10,C9,3.23208282487758,0.840588914226492,143.554902906465,143.55388780543,1.89670707676826
P10,D10,3.43401470213222,0.940077443567867,128.024495593377,128.024202064899,2.10790547424693
P10,D1,3.07939447300035,0.847285498043692,114.520035406725,114.520369321409,1.91649653290996
P10,D2,3.0404675776002,0.903980268636373,126.325314132495,126.325099551252,2.320808425721
P10,D3,3.40541557777842,0.909430622337543,133.00523863174,133.004713688373,2.04690530717989
P10,D4,3.29173210878496,0.945815974390109,132.307211550429,132.306719038741,2.18930832114914
P10,D5,3.01883162142759,0.860755875397323,102.077911256173,102.078823255846,1.98054203120049
P10,D6,3.27196785221946,0.932332547506467,112.476011881768,112.476440765712,2.13411818873715
P10,D7,3.26644188195087,0.950392009580557,126.212684264793,126.21247491655,2.29431508343886
P10,D8,3.05895061122036,0.932233588570552,83.5682353685458,83.5700073633168,2.15386607039116
P10,D9,3.38675428705282,1.01485777529466,112.727690968855,112.728108159305,2.34645988462737
P10,E10,3.4021178213278,0.942475294707348,135.465019322658,135.464380093154,2.15528999659463
P10,E1,3.2116278220285,0.909318613871617,103.236191253648,103.237049437408,2.08306471785057
P10,E2,3.17245582310838,0.97720226898771,85.9009250729452,85.9025886864716,2.27857913984719
P10,E3,3.40122653580061,0.973954023475859,128.095410695263,128.095113871933,2.22696441337676
P10,E4,3.44901058112724,0.96684637946332,91.6137622513698,91.6151604355067,2.15561219887425
P10,E5,3.50467136230043,0.959669137957389,144.047137143087,144.046099171904,2.16302285130546
P10,E6,3.50281080376242,0.999941075031499,115.137413940793,115.137719170885,2.24749181667501
P10,E7,3.1002059900603,0.910204894451516,112.705443093753,112.705861317882,2.13264229442406
P10,E8,3.36082901928059,0.997659582201281,118.44261388557,118.442765549723,2.30327438553662
P10,E9,3.25020934428687,0.971972669835889,102.508963836266,102.509855808408,2.25962117345934
P10,F10,3.21462476961369,0.87357268878958,129.003402097846,129.003063087491,1.96602214137384
P10,F1,3.58113251946449,0.972365243197047,144.46011332466,144.459056165811,2.17963185913868
P10,F2,3.57227536953801,0.997724829851335,135.063167078635,135.062546519959,2.24119328178957
P10,F3,3.51662572943391,0.955870637263417,133.960506768914,133.959937441954,2.14348284208992
P10,F4,3.10260131991463,0.86015885939933,109.518434985454,109.519001284101,1.94094233167324
P10,F5,3.31958478150974,0.929423589774897,113.247735049354,113.248128077557,2.10048442819379
P10,F6,3.04509112127251,0.943541006324896,84.8267698531977,84.8284833740389,2.21048012900663
P10,F7,1.19580734517636,0.31713637928646,53.0483222057758,53.05151221434,0.723657961827487
P10,F8,3.39607936188107,0.944047763073648,137.909504599442,137.908751794457,2.08957112517447
P10,F9,3.39811817752453,0.975175241992702,113.378441315576,113.378828270914,2.21366057731511
P10,G10,3.14009101740218,0.918950254480409,110.804640264763,110.805146803843,2.10438203641498
P10,G1,3.19730040717888,0.878993681048226,125.917899919697,125.917704267701,1.98532309728515
P10,G2,1.92368681202751,0.708536370204043,60.78641126454,60.7892417466219,1.84947845874941
P10,G3,3.31752368372811,0.878688104553807,138.436501140911,138.435723850654,1.95032777226986
P10,G4,3.09794435303505,0.886086100609087,125.61894409802,125.618762336085,2.05934647262191
P10,G5,3.49604817482484,0.972743679567359,122.048160144218,122.048144287766,2.21967848440862
P10,G6,2.94001969868556,0.86898577899079,105.305243638094,105.306005689705,2.07962442899401
P10,G7,3.04231699506913,0.934385673561497,118.427318471438,118.427470846245,2.27857913984719
P10,G8,3.34164409830777,0.8862231206742,130.082424040272,130.082034896485,2.0220957316493
P10,G9,3.08939915304309,0.902793848866226,98.2457147699279,98.246804820811,2.10716752709039
P10,H10,3.05372544981719,0.890541427646935,122.978399421902,122.978340344746,2.06713129544236
P10,H1,3.54145917243532,0.947940872860198,129.96979417257,129.969410261784,2.12085592716319
P10,H2,3.31091702975779,0.889290847687568,128.664122002547,128.663798755798,2.01226336530999
P10,H3,3.03993280628388,0.842368000151296,122.609918990533,122.609877033685,1.938811639179
P10,H4,3.3559603720883,0.965874189477516,140.409609563981,140.408740599317,2.24377090002652
P10,H5,3.35907987143348,0.934057260389559,129.154965746975,129.154619694683,2.13542778509947
P10,H6,3.36724627507638,0.929413802627389,117.613880538037,117.614070706733,2.10808216581963
P10,H7,3.71722067839776,1.00398969171734,140.804509347034,140.803622034567,2.23957187676956
P10,H8,3.02460269521617,0.914820078231996,118.435661424601,118.435813411778,2.27885976763911
P10,H9,3.26078221885319,0.940435218182329,118.745741183829,118.745878764105,2.17686715570712
P1,A10,3.06160024875934,0.977286969238591,116.823796944823,116.823604416923,2.36480194431125
P1,A11,3.0991973647354,0.90608843608327,107.076861601408,107.07511417532,2.10553009265494
P1,A12,3.45921947529779,0.897933495397138,136.640974258139,136.643943102712,2.00643717662417
P1,A1,1.32857956956658,0.590177190919015,-1.4828747013628,-1.43387233677079,1.39907976958131
P1,A2,2.99472904248133,0.913477541098008,111.014041962189,111.012922622201,2.13612220696969
P1,A3,3.33945810586917,0.94022374731435,132.789502701023,132.791857132354,2.14257126691619
P1,A4,2.9546855856257,0.950421453886075,97.8897457857307,97.8865327677177,2.33005231419342
P1,A5,3.09474201765863,0.814147848375341,119.717282759704,119.717551820569,1.85981108778975
P1,A6,3.49394658242071,0.960361194757963,129.273271907612,129.275065405614,2.1235678186982
P1,A7,3.73089998001896,1.02667127790135,130.742255707143,130.744283547547,2.24235164618998
P1,A8,3.186185966403,0.899690886727285,109.840156828442,109.838850222221,2.09875366925938
P1,A9,2.96660295572062,0.860144744942102,104.049930433985,104.047700131011,1.91768894558374
P1,B10,3.49454791760899,0.98837949433163,135.138357890081,135.141087026952,2.20781480231405
P1,B11,3.35167614355822,0.838275702738325,132.612660485866,132.61498670611,1.83108494513465
P1,B12,3.41764534705382,0.918736816803458,135.066753066766,135.069470780743,1.99705821380858
P1,B1,3.39791061951132,0.86749354281624,134.199900736023,134.202480163753,1.91998048972717
P1,B2,3.50608261985682,0.95054076302225,135.066753066766,135.069470780743,2.15227759318085
P1,B3,3.44079675180244,0.943853002253947,135.578836045627,135.581635450605,2.09192814134645
P1,B4,3.36549318617974,0.878632824192375,134.243297598639,134.245883949334,1.91138719918931
P1,B5,3.22948209995884,1.00620814876169,122.175715026866,122.176376273761,2.50306389702216
P1,B6,3.15714421015105,0.947416153482961,104.409039472127,104.406866456697,2.14535385623321
P1,B7,3.4287017144928,0.995412284223467,127.982215244804,127.983802784564,2.2716997793983
P1,B8,3.28987528625407,0.952738308327746,112.058821429654,112.057868760075,2.14204748539769
P1,B9,3.15449286863911,0.908443985379917,115.821329418408,115.82097696999,2.12659593060201
P1,C10,3.4749361904459,0.979281366555464,123.208560357112,123.2093863706,2.18025079990311
P1,C11,3.3286340724802,0.914639999032904,116.150060652719,116.14976064577,2.09474346700838
P1,C12,3.36530185225619,0.948023985163205,122.694307535119,122.695051511459,2.10404058896171
P1,C1,3.17901094427016,0.947111431500027,102.575522026627,102.573056515879,2.15622232274203
P1,C2,3.04275385729043,0.849256980123309,111.321074765192,111.32000440519,1.99674721853197
P1,C3,3.2441601452363,0.862202021398311,124.743724372131,124.744795285545,1.94931225476303
P1,C4,2.92222715216764,0.768354099797203,111.702967156208,111.701957718307,1.75011159600942
P1,C5,3.18018628122907,0.868899455880358,113.947669874989,113.94701852751,2.01619260740619
P1,C6,3.14738618005039,0.95709792865501,114.300269383739,114.299674285359,2.19254329741535
P1,C7,3.30892667835535,0.849287613550165,128.050565303423,128.052163746855,1.90757341500775
P1,C8,3.19081898069449,0.942218144631223,121.798162322112,121.798763339202,2.22387197949049
P1,C9,2.95802026257886,0.900021405280203,118.500000763342,118.500075635008,2.41961895385651
P1,D10,3.36848619541229,0.866556804868703,130.84857802055,130.850622822222,1.93631592583531
P1,D11,3.13600181159963,0.957078581227523,113.089496916769,113.088708667636,2.26909723997826
P1,D12,3.17957127933197,0.921260043805,122.787610789743,122.78836965046,2.15339062890765
P1,D1,3.25453317723405,0.895644049811075,124.9108022932,124.911899860034,2.06729404180461
P1,D2,3.36404451504435,1.00584215992505,115.988407339477,115.988081544479,2.27562814078703
P1,D3,3.35061014026991,0.914580344464816,117.665696079562,117.665637857204,2.07092777608919
P1,D4,3.10232704105619,0.823808663834279,114.246023305469,114.245419553382,1.8833976242946
P1,D5,3.13699948134381,0.832752012190542,123.825880727816,123.826805220497,1.94479463916599
P1,D6,3.20005767585981,0.962278202364885,118.552076998481,118.552160177706,2.19735554011655
P1,D7,3.06639726355672,0.853839095866684,104.89725417655,104.895159044489,1.93852562911647
P1,D8,2.84440891212124,0.89654370518926,98.6969274303769,98.6938431795334,2.49538722414168
P1,D9,3.46664049818947,0.945113809611906,129.726769121943,129.72863496494,2.2156387887466
P1,E10,3.27023622567334,0.871084102900862,114.067011247181,114.066378937859,1.97504302185923
P1,E11,3.40974598935329,0.986617266144611,129.035674084793,129.037429679555,2.20557236268798
P1,E12,2.88935871744484,0.953341303151118,92.8082986499387,92.8042750045167,2.29569552021447
P1,E1,2.97932666163618,0.882439430550611,121.824200439681,121.82480561055,2.09749331998049
P1,E2,3.42764937791332,0.948185213725603,146.187199111958,146.191690836,2.08492256353655
P1,E3,3.1169230860807,0.93817453228626,100.914507110023,100.911776622748,2.22154769900215
P1,E4,3.42297536349536,1.06797964787355,114.945797715142,114.945305595884,2.49622200093678
P1,E5,2.86195696625183,0.876959271714675,119.962475033481,119.962783209104,2.28328844549506
P1,E6,3.31964137807372,0.912099036889499,129.040013771054,129.041770058113,2.07235180709261
P1,E7,3.34105711080163,1.07259078475816,55.2680596288129,55.2580473061743,2.41904606782065
P1,E8,2.98229233745108,0.903252425670675,118.879723311227,118.879858758846,2.13358514023946
P1,E9,3.16190022482196,0.884543463289916,119.484024623146,119.484256473068,2.00260702427016
P1,F10,3.43729807434338,0.983523290032178,119.50897781915,119.509213649778,2.31829996637213
P1,F11,3.46979750792791,0.9842036745655,139.682009405912,139.685463377335,2.17849940545063
P1,F12,3.56571047045788,0.98348781974845,128.61797928212,128.619668243333,2.1753730845121
P1,F1,3.2508704992691,0.867948207362205,134.015464069908,134.018014075031,1.96438734159229
P1,F2,3.2923489605513,1.02460916458827,96.8764290436615,96.8730543743898,2.31484628198454
P1,F3,2.93357052049193,0.843655899865574,110.647338473089,110.646160634037,1.94338697633503
P1,F4,3.46126948162146,1.08995510092851,108.0706497553,108.069060865136,2.4952399105896
P1,F5,3.15837421394525,0.88696672858277,125.069200841746,125.070323677407,2.03683287286949
P1,F6,3.13962348943811,0.906647899194794,105.424526057327,105.422515039304,2.08840898426905
P1,F7,3.57000181702875,0.999823497690699,123.581773375604,123.582658926601,2.20290435057813
P1,F8,1.58641569824858,0.517271247287891,58.2628771179006,58.2533425491531,1.44427229372418
P1,F9,3.76870209662738,1.00870074233638,151.36769958667,151.373017739791,2.20706186638121
P1,G10,3.10299670978859,0.932397712895511,117.876170863246,117.876146217274,2.18115104938803
P1,G11,3.44104275256128,0.991329977023529,130.357108551431,130.359074950511,2.28796974281663
P1,G12,3.15391886686848,0.921366454656183,105.671888174235,105.669916617119,2.09184630048419
P1,G1,2.83428188088232,0.876686795444221,110.277380219292,110.276143361955,2.18525946067374
P1,G2,3.30165598926075,1.04655237193075,125.736427604458,125.737656880722,2.48554995249739
P1,G3,3.01065075826181,0.805996132260457,113.04935481885,113.048560165973,1.8624790998996
P1,G4,3.17771260693184,0.838122535604046,125.916524584312,125.917782590885,1.8750989608609
P1,G5,3.41868401692448,0.922643384870382,121.430373911446,121.430916256398,1.9818849179446
P1,G6,3.30052165242832,0.899626395302326,135.886953770197,135.889802328233,2.054084926635
P1,G7,3.15508053711856,0.873067214218368,120.836921815181,120.837369488571,1.96080271182507
P1,G8,3.33716209878666,1.01748931127274,108.124895833569,108.123315597113,2.33401341192706
P1,G9,3.21539172316084,0.939899677903928,125.077880214269,125.079004434523,2.10944208587122
P1,H10,3.10817639243306,0.945184750179361,101.753151480065,101.75055477911,2.13523832565722
P1,H11,3.13266713464647,0.894804049000977,115.02391206785,115.023432409931,2.02647181970671
P1,H12,3.31992837895903,0.955345374181735,111.769147371696,111.768148491319,2.16615780342103
P1,H1,3.18641830045301,0.889336788450033,126.525165582493,126.526520683666,2.00813946655929
P1,H2,3.13679448071145,0.886570106319269,126.873425404981,126.874836062957,2.07117329867599
P1,H3,3.15774554533932,0.881068987770221,123.885551413912,123.886485425671,2.00705916717739
P1,H4,3.38640325068114,0.888140472517034,122.306990536277,122.307672725145,1.93300955499979
P1,H5,3.27091956111457,0.939164475659389,125.639869585139,125.641083457803,2.11906657127361
P1,H6,3.26526154366125,1.04079651225311,100.3698764842,100.3670591137,2.38791380381495
P1,H7,3.27383057009417,0.947295232061162,114.8969762447,114.896476337105,2.15479829173862
P1,H8,3.27521090768544,0.957086642655642,117.8588121182,117.858784703042,2.2279476544313
P1,H9,3.3417131128252,0.914211131056923,129.017230418181,129.018983070683,2.03182421209885
P2,A10,3.39578580216503,1.04462332722965,117.05927860566,117.059455718339,2.44315512878077
P2,A11,2.81508419782037,0.788207243092383,103.144562722484,103.145516585613,1.82126808349353
P2,A12,3.64503396756888,0.987321517801281,139.598188421054,139.597107361555,2.22828274680051
P2,A1,3.34600911357852,0.980520438701845,121.351723700497,121.351661199323,2.25251704529142
P2,A2,3.50212618880444,1.03002154328393,109.156844309257,109.15746255343,2.32868415396538
P2,A3,3.11383947433193,0.965518502455644,103.032606607357,103.033566720127,2.29595645556448
P2,A4,3.35858411008986,0.967019451084604,126.797078576632,126.796712103614,2.25534311395557
P2,A5,3.43815703883376,0.994053136501389,122.130652416374,122.130546433664,2.22170378050172
P2,A6,3.21964070601373,0.923448150592993,123.686127803127,123.685934990314,2.11115283641401
P2,A7,3.27710828149557,0.876331349718284,121.444623455601,121.444555768557,2.00137678212131
P2,A8,2.92107571948721,0.973729929663177,90.9538519099989,90.9554862857749,2.34624832265221
P2,A9,3.12693776830213,0.861398873871411,130.530934118338,130.530359213183,2.00743915522342
P2,B10,2.68938180520322,0.901106062148222,105.187166312285,105.18800615273,2.2729072826424
P2,B11,3.4119128783971,1.05786610336243,98.46384429221,98.4650594434742,2.38222751940863
P2,B12,3.42339370749446,0.907183847089436,134.26955375005,134.268770146815,2.01690496585655
P2,B1,3.07955556202736,0.811064244497391,128.643163453711,128.642693928121,1.89783023402376
P2,B2,3.29648614497206,0.905003394554005,117.156942450771,117.157114111635,2.06216764623551
P2,B3,3.38132376330205,0.876645431523942,130.544035365853,130.543459729357,1.98698814220225
P2,B4,3.11831128898035,0.868820566538757,111.443607511834,111.444098103788,1.96615728124235
P2,B5,2.50681442205685,0.839103595695752,27.4341207661848,27.4393009549152,1.90387741320833
P2,B6,3.15909677577375,0.950039403466231,111.466236939359,111.466726268088,2.2112199773928
P2,B7,3.50380708367228,0.964321065571573,127.128182832005,127.127797876009,2.14161664110008
P2,B8,3.00018878076726,0.798013239467102,131.270559091672,131.269942899002,1.85319050426432
P2,B9,3.01171718236088,0.942456139870013,105.194312447293,105.195151888825,2.30975253269912
P2,C10,3.35607862528684,0.900946001228031,109.366464269493,109.367070812213,2.02975902010314
P2,C11,3.18186814398345,0.989862862411483,100.405210969397,100.406317749247,2.23153424515603
P2,C12,3.50590027350772,0.898847089161376,145.822472013066,145.821043500186,2.01301532296397
P2,C1,3.34413792872563,0.964499246595937,122.098494808838,122.098390621237,2.20081214387162
P2,C2,3.16130096810046,0.829945393045202,136.307393249846,136.306495889868,1.85104816188989
P2,C3,3.15124731389089,0.802934357758634,128.3668462334,128.366392132453,1.82132885916373
P2,C4,3.42225196758423,0.903870888043219,126.090802233336,126.090475186237,1.98408610395036
P2,C5,3.42033321023508,0.958823123963881,122.895288862236,122.895140195815,2.14635714337542
P2,C6,3.38563700296293,0.968096087274191,116.841321487915,116.841510767445,2.22916399401836
P2,C7,2.98234909466983,0.78777085058356,126.950720479305,126.950345429653,1.84007815341939
P2,C8,3.06043141853092,0.878981414953522,106.427020736182,106.42779136519,2.04367664857818
P2,C9,1.36328261446246,0.571392646624251,40.8843378738384,40.8887672414743,1.54770159802085
P2,E10,3.4510016128239,0.840624174437567,145.087611129738,145.086223638431,1.88570548781953
P2,E11,2.96925080069963,1.00064432439416,100.196782031662,100.19790044648,2.49271768782614
P2,E12,3.49805081162485,0.962062092584727,136.188290999712,136.187400288287,2.14784614729524
P2,E1,3.18170956899591,0.966900160398801,121.728086810921,121.72800330032,2.29326713215828
P2,E2,3.12952254059891,0.869255449038898,125.205872514839,125.205594866489,1.9580437292711
P2,E3,3.15747931090092,1.03119935005514,105.931555375623,105.932353662612,2.52962371355306
P2,E4,3.05451657149595,0.841386728821495,119.568763015988,119.568800043654,1.9488058274012
P2,E5,3.37870727600776,0.954839721063279,136.74568953034,136.744767703687,2.14836274049191
P2,E6,3.17706332186121,0.950608676738986,87.4685627643223,87.4703916967057,2.13480976603806
P2,E7,2.78162487545097,0.73758118204292,111.081536671426,111.082047474981,1.65241807776968
P2,E8,3.31986009813438,0.876914213069169,122.128270371371,122.128164521633,1.98528642343674
P2,E9,3.55196630738596,1.04906275275193,105.189548357287,105.190388064762,2.34997083245175
P2,F10,3.03900793771526,0.928561039987019,112.874025535945,112.874436278777,2.20935112553425
P2,F11,3.43604799149957,1.02014608650988,114.969034115806,114.96932791059,2.34304240604934
P2,F12,3.26656304482465,0.982823201940442,117.093818258199,117.093993442797,2.28899764132696
P2,F1,3.52529399448296,0.994981791840232,126.651773831468,126.651415469685,2.27030912274149
P2,F2,3.56182967161049,0.940298337464797,143.197458420109,143.196176441338,2.06715125119163
P2,F3,3.38884021771109,1.0024895550024,115.790839641731,115.7910875615,2.29901043299186
P2,F4,3.30075181213669,0.953035260689428,99.8787790238041,99.8799151902582,2.19648187737011
P2,F5,3.14851982410532,0.871253190523924,131.294379541698,131.293762019318,2.0106146839912
P2,F6,3.514558467827,0.964727257906775,125.570325400249,125.570027407328,2.17478496310991
P2,F7,3.22282806326314,0.984346800699619,109.20329418681,109.203909838046,2.30349263866887
P2,F8,3.08884805629678,0.881083347037539,115.821806226766,115.822052417911,2.02311927813416
P2,F9,3.54567088038091,0.984001008711659,112.302334735301,112.302777391188,2.25510001127478
P2,G10,3.20524209714576,0.82385552803454,135.273585718682,135.272746068144,1.85650277829004
P2,G11,3.08174389685531,0.822544840499391,114.149610634882,114.149950171711,1.89009652999124
P2,G12,3.15330878872881,0.916032497960372,124.253054513765,124.25283005384,2.16528876464168
P2,G1,3.54040619079483,0.905048694814436,139.607716601065,139.606635009682,2.02138717153356
P2,G2,3.08878462630177,0.940162436683502,104.483272013992,104.484151147385,2.23630513526647
P2,G3,3.25512978822354,1.01185613885093,108.906729583975,108.907361790109,2.30028672206599
P2,G4,2.90586837818282,0.81799971436944,115.763446124201,115.763695573136,1.84855635941183
P2,G5,3.15681329595328,0.891991649749423,114.292533335043,114.292864893609,2.00120964902827
P2,G6,3.64915691724473,0.978670678067563,139.579132061032,139.578052065302,2.21957663204484
P2,G7,3.26041033530838,0.907568899303103,150.095860747881,150.094193684918,2.16346549453578
P2,G8,3.26167893520864,0.93951011293329,119.24242285062,119.242478095321,2.19248587705468
P2,G9,3.18978103586133,0.991063319312916,103.435172212811,103.436109853471,2.36783887948957
P2,H1,3.04389204733126,0.872326806696148,124.952184722053,124.951921235122,2.0287258337098
P2,H2,3.197900075223,0.860464178497843,118.031152966755,118.031275827241,1.93368787943979
P2,H3,3.05916281863066,0.839094535643666,130.576192973389,130.575615541783,1.97632201208274
P2,H4,3.7436041798192,0.994157327100381,124.605597174162,124.60535303452,2.18879375509023
P2,H5,3.21864168359227,0.925033659708093,105.514697500154,105.515519057078,2.12031476869616
P2,H6,3.03115847583239,0.745014954779715,140.524803927098,140.523671141857,1.70339367114712
P2,H7,3.37174583405507,0.984605012184078,122.470093829257,122.46996889817,2.26825794387236
P2,H8,3.02192941155799,0.90798264168171,88.0576424934859,88.0594385421261,2.02267865452523
P3,A10,3.14472563160575,0.853578551591895,133.28296689909,133.282735609198,1.98517965621987
P3,A11,3.0496386797052,0.866303883137818,112.103971595193,112.104350014635,1.98011421321691
P3,A12,3.60537369392723,1.05553881143661,114.780129978823,114.780431355954,2.4346744046947
P3,A1,3.4885212765496,0.962927537396544,124.562675271173,124.562695024503,2.17579860822486
P3,A2,3.60209653540642,0.983535031267462,135.657769624855,135.657469968199,2.17550312404969
P3,A3,3.09848018681658,0.924432246985514,118.05599613342,118.056203203615,2.18750189216294
P3,A4,3.47671560910716,0.926909114197498,133.692450168414,133.692207090156,2.06996250848185
P3,A5,3.82679905518884,1.05763645033537,130.497679722412,130.497528616475,2.34631408331188
P3,A6,2.99258453437299,0.848802548148512,114.850212689955,114.850512049516,1.97284319190642
P3,A7,3.45806936680049,0.919821574686861,133.840625043378,133.840377699402,2.05879742786283
P3,A8,3.34631036447328,0.983798527779375,105.575266462513,105.575832832913,2.26566800950231
P3,A9,3.13997770013433,0.876211351985753,115.469944092673,115.470225611161,2.00796359672691
P3,B10,3.30817884831094,0.88357995444243,135.736862970275,135.736561036648,2.00362631115563
P3,B11,2.73805197528367,0.879992268601793,97.3265313623521,97.3273352006156,2.26678662816547
P3,B12,3.31255168332516,0.873317023633326,132.554106703323,132.553896396149,1.98864104227189
P3,B1,3.23677232801108,0.916076824258731,119.772021374551,119.772179043129,2.06527697370411
P3,B2,3.49817507484284,0.980806034059765,128.256034147796,128.255947575242,2.2138210897658
P3,B3,3.08992206501675,0.931158124617054,112.571523396598,112.571888355973,2.25122094393763
P3,B4,3.46480136111132,0.952551974745093,124.229281802506,124.229311153699,2.15352121201811
P3,B5,3.5715064322257,0.923947620067525,141.149250632791,141.148792885198,2.02557656416844
P3,B6,3.23573587727408,0.898683987833154,110.090595422548,110.091031803863,2.03977035758298
P3,B7,3.27824022845063,0.907098309780247,127.199787572888,127.19973140798,2.08822976231126
P3,B8,3.39576387106746,0.925596798236205,127.615277931738,127.615209805529,2.08789206611106
P3,B9,3.16526709811722,0.961478823240849,107.183164092184,107.183684173788,2.28615139464552
P3,C10,3.27292965229342,0.893007962970648,129.064988870569,129.064879009506,2.02314937272952
P3,C11,3.16734987055063,0.819352937993512,132.666239041134,132.666025505849,1.85512440711896
P3,C12,3.33080308725583,0.857950527050344,143.436950560436,143.436426953628,1.93885195875533
P3,C1,3.14184331146094,0.923760589210049,116.650337184443,116.650584721306,2.2464615381161
P3,C2,2.47713290546251,0.831634975407629,20.6975944205306,20.7006042830814,1.89598564734281
P3,C3,3.56528772780368,0.974615416009288,131.639026732265,131.638842768777,2.15683485598255
P3,C4,3.16103245653461,0.921279588719447,124.284346789823,124.284374555784,2.08961220613081
P3,C5,3.16396413147642,0.857342935093462,129.78383725046,129.783706694903,1.9639892196575
P3,C6,3.38297110768502,0.95609212788162,125.940301135698,125.940281229387,2.16349380293018
P3,C7,3.07848162307211,0.82237436466345,129.186131842668,129.186018494092,1.86208939124803
P3,C8,3.35825422534733,0.920472566069235,134.964951966242,134.964672254697,2.07504905749731
P3,C9,3.11602088167044,0.878072360683617,107.907018380012,107.907517623011,1.99718897733937
P3,D10,2.91601550230691,0.911863980027084,105.853594943863,105.854153301632,2.32201050990395
P3,D11,3.2691392038838,0.931393721498294,121.19369922893,121.193815969681,2.09487815625264
P3,D12,3.31015304019095,0.899006383565377,126.074459468435,126.074435699921,2.05723558293692
P3,D1,3.37590350075459,0.937173078326256,126.04342283922,126.0433999642,2.10864982941692
P3,D2,3.42323475107776,0.980874233156966,125.026222346228,125.02622875478,2.24505798828404
P3,D3,3.30802091296054,0.919421679980546,134.835799541443,134.835523547989,2.08640409222894
P3,D4,3.1852952747399,0.940739064454147,123.22609785174,123.226156082991,2.28961278069754
P3,D5,3.19648894269954,0.903666655207448,108.834112530121,108.834585083565,2.06635338034224
P3,D6,3.13568383279531,0.93781063655312,99.3889654327892,99.3897098968811,2.17337141678595
P3,D7,3.3777197572842,0.947626139951799,125.405670167925,125.405665652782,2.12349790921934
P3,D8,3.05642989977243,0.936033326747275,108.158314958497,108.15880696707,2.17844741279516
P3,D9,3.17848431275387,0.866188151336507,120.771200598967,120.771329502776,1.98391329546913
P3,E10,3.34020024060466,0.961846685037873,96.8169299342684,96.8177484431403,2.17858460187649
P3,E11,3.33844320983145,0.934686911237381,141.762974945984,141.762499530251,2.15090406646658
P3,E12,3.29036176659388,0.885201232980437,130.33648948681,130.336343021281,2.01823167181415
P3,E1,2.87189231378875,0.811169046329386,113.163221714864,113.163569640192,1.91745046206784
P3,E2,3.34269759333287,0.96080406550642,102.70487885089,102.705527855149,2.14563811634476
P3,E3,3.38586329878923,0.910142469482585,126.53800654349,126.537969430198,2.06011655364485
P3,E4,3.29848556618011,0.936025060190038,116.579253291724,116.579502874978,2.14734770335826
P3,E5,3.36337725327595,0.91845759274284,135.861009487136,135.86070397953,2.05458677836662
P3,E6,3.26372991813258,0.950962729116378,120.812249044058,120.812376766148,2.20535757874837
P3,E7,3.47535341670995,1.01533234367762,126.589066804457,126.589028221222,2.31127810254143
P3,E8,3.17859289330727,0.914399746459378,120.64505171893,120.645184254364,2.1038904235954
P3,E9,3.14468614776815,0.912902466279918,115.693207586706,115.693482677796,2.11295545596944
P3,F10,3.19390275133673,0.944435248858513,100.686496770307,100.687203880551,2.16288172856733
P3,F11,3.43585970815041,1.00301517339525,112.083947963441,112.084326959331,2.26275537977561
P3,F12,3.31557219690157,0.968523996645648,105.184805643353,105.185383254493,2.214158785966
P3,F1,3.35662551704632,0.90447574449697,130.880131088871,130.879968972773,2.04554285200509
P3,F2,3.37289285813758,0.93824566412769,106.053831261381,106.054383854667,2.09330575832047
P3,F3,3.25351347515354,0.915443399310485,116.089675495392,116.089939172806,2.10450249795825
P3,F4,1.99103750980774,0.713697036634265,58.7682251157836,58.7701389858896,1.8751434599869
P3,F5,3.25477695795675,0.917961599308651,121.621203766831,121.621308200412,2.13033625727333
P3,F6,2.9670779752833,0.875106733275026,113.264341055211,113.264686069475,2.05713005287436
P3,F7,3.50053423413945,0.949217452219823,128.791666297157,128.791564304612,2.11181573129377
P3,F8,3.44398350773664,0.968845359058217,124.025040758637,124.025075989603,2.1769699919193
P3,F9,2.92501781727975,0.916754681952123,96.94508117748,96.945895997083,2.26182671522507
P3,G10,3.31458510096157,0.94344222867048,120.179502280701,120.179648218556,2.10751010474126
P3,G11,2.95467017931746,0.791391308141081,120.583979642087,120.584113935688,1.82171358931196
P3,G12,3.22874723801885,0.916684416215613,118.87496267207,118.87514616553,2.10868148843569
P3,G1,3.20922248032558,0.884071814598001,127.052613879512,127.052561951499,2.04704137889347
P3,G2,3.48520463419119,1.04281864648896,135.189216641862,135.188930474096,2.38239481170169
P3,G3,3.3513939085643,0.928013732908224,108.607845491326,108.608324558635,2.0655935638918
P3,G4,1.86045458790466,0.676407630260109,46.4589978508305,46.4612660838624,1.75601057236112
P3,G5,3.30923504096675,0.942131979348496,121.352887101357,121.352999259344,2.12039532538003
P3,G6,3.60740711156364,0.96286553821727,140.701722463138,140.701277599163,2.12428938468855
P3,G7,3.20938041567598,0.940907495557841,111.360093675613,111.360493510108,2.15780573255811
P3,G8,3.50950693623408,0.956601554471319,124.238292436794,124.238321528585,2.17418399826767
P3,G9,3.23891432620089,0.862914594670857,122.531277829951,122.531356063958,1.93801827126109
P3,H10,3.35575687261912,0.900248433790159,134.672606942666,134.672335647265,2.07601993407288
P3,H11,3.17093302881284,0.875111899873299,129.086013683909,129.085903217575,2.00656004689484
P3,H12,3.32861173426902,0.918640490321697,133.671425355075,133.671182882087,2.10550503355259
P3,H1,1.40713077745801,0.348759534232821,61.6482240706474,61.650055030199,0.719720132215067
P3,H2,3.16312509992742,0.881849144021039,135.836981129034,135.836676313166,2.04308400154741
P3,H3,3.44494099079844,0.981101563480969,112.154030674572,112.154407652894,2.23041041560049
P3,H4,3.42214894554376,0.984783281410172,132.21070141878,132.210500997693,2.30198090402976
P3,H5,3.20727790132378,0.902550669980522,127.890602868325,127.890526815953,2.06912882098761
P3,H6,3.29480369832389,0.904124415814419,131.699097627521,131.698911934688,2.05166359563367
P3,H7,3.20150339007476,0.854921867142824,119.974260055244,119.974411901695,1.94571141282183
P3,H8,3.2140789923504,0.920544898445054,115.648154415264,115.648430803363,2.09693599247259
P3,H9,3.25702753669996,0.94386588972885,111.838658474481,111.839044531863,2.18882101794496
P4,A10,2.92585240249462,0.871263992725605,120.541621473349,120.541595831603,2.1577307937959
P4,A11,3.26474670132294,0.897367629223258,122.728792171264,122.728858376289,2.01300588548606
P4,A12,3.67446903057294,0.973753688607734,141.937553472002,141.938426318541,2.17033778446071
P4,A1,3.43310739522412,1.00420376083422,110.662755257305,110.662314768216,2.27576455679991
P4,A2,3.46463677766202,0.982483629879715,126.376400355119,126.376619735673,2.19705680078496
P4,A3,3.52331424438752,1.03981858494061,113.353585183665,113.353257691718,2.42447502074366
P4,A4,3.35093588234447,0.976182688190946,125.340326267541,125.340502139804,2.23380009340053
P4,A5,3.31153967509013,0.940745799193281,123.526978768591,123.527078492198,2.16086163819829
P4,A6,3.13112597676332,0.866691431129432,122.670409527137,122.670473280475,2.00562006560505
P4,A7,3.29922946895123,0.867866544243325,137.935292509641,137.935997287568,1.98297950830944
P4,A8,3.28582837278704,0.915310346098717,126.69096952721,126.691202117598,2.05614093165903
P4,A9,3.10341914392619,0.950000278337867,112.252157389974,112.25178364531,2.22110019934099
P4,B10,3.09900236967751,0.893439155650867,112.375022357466,112.374653772322,2.06230971706908
P4,B11,3.21164785106816,0.935302096960625,108.627205157572,108.626679188779,2.13893643704209
P4,B12,3.39795945075115,0.891875736231989,136.622990090892,136.623639760757,2.02170164323275
P4,B1,3.34659892931714,0.91634922764499,116.557659548699,116.557466606781,2.07500032078915
P4,B2,3.27152263611409,0.963890337762968,115.971218959178,115.971001390616,2.20461913711595
P4,B3,2.99372704772592,0.885675809787238,116.792061507958,116.791878409379,2.19066504722756
P4,B4,3.38353841675845,0.96590600891653,123.41805592507,123.418151074634,2.20996108231291
P4,B5,3.40085962179396,0.995734235007823,113.629813514836,113.62949762266,2.28258366597307
P4,B6,3.21280082426561,0.977231763936157,113.735250827365,113.734939362862,2.31067765253931
P4,B7,1.94915993791192,0.621620108434478,57.8188812918919,57.8162217079929,1.51682743491397
P4,B8,3.15445151145015,0.978888784636189,112.856897017206,112.856548667626,2.3747717045633
P4,B9,3.32416916611448,0.967896657945428,105.194828512516,105.194158406501,2.18776646131199
P4,C10,3.17322723651936,0.885530310766038,119.903769301686,119.903716874348,2.00949413716528
P4,C11,3.17718282148907,0.925670432455349,107.116227472239,107.115638052331,2.11471652203607
P4,C12,3.23431707793491,0.875892159043256,123.242036609939,123.242124367851,1.98545073860925
P4,C1,3.32701612300972,0.925653751038906,117.353231997782,117.353072464669,2.09137918927999
P4,C2,3.39224779891148,0.900059824488131,125.25928767196,125.259460141137,2.02791688034017
P4,C3,3.22072973225422,0.973044728408894,105.923304489989,105.92266497517,2.25875394522492
P4,C4,3.20912904808297,0.921188691904256,129.102085591406,129.102419432796,2.13196868243737
P4,C5,3.41515648944231,0.917345478904797,137.689562574656,137.690257033544,2.07613374220485
P4,C6,3.17091242109987,0.934089914032414,104.975240059976,104.974560732692,2.16305415831391
P4,C7,3.56064396891105,1.02816012833748,136.091446614506,136.092073963044,2.34197680622373
P4,C8,3.17677484635766,0.974383875451146,111.712771468854,111.712375073533,2.29578523836415
P4,C9,3.25316375520088,0.933821157878605,120.671457502827,120.67143731334,2.21512651105987
P4,D10,3.4609117873318,0.933269744390619,137.79761403543,137.798313031767,2.10099469063451
P4,D11,3.20042853495454,0.925977185168834,120.606103796714,120.606080862801,2.17228875575004
P4,D12,3.51298183073347,0.992368295867713,104.827976375535,104.827290864146,2.2137422504784
P4,D1,2.07751246186165,0.627121268879328,78.2652675098609,78.2634665395745,1.45806603774747
P4,D2,3.3832368699222,0.928221762425812,122.742734295235,122.742801085737,2.08918666916437
P4,D3,1.65743111188381,0.417376552484442,78.1088543065637,78.1070467679525,0.900897437569324
P4,D4,3.18987439568559,0.933295693260642,119.498576323785,119.49850688101,2.18169057929667
P4,D5,3.3470955946945,0.934670983371855,126.949770203417,126.95001366173,2.14173282922346
P4,D6,3.24965162146097,0.916942344674084,108.982729318826,108.982218279708,2.067493726495
P4,D7,3.01528764651819,0.877541765780425,113.603672032391,113.603355042445,2.04841136921753
P4,D8,3.06636435916513,0.884626734042027,107.890886735365,107.890329846046,2.0352934098817
P4,D9,3.33376545072709,0.911493081969281,138.261189657458,138.26190812092,2.09878358983994
P4,E10,3.10310872806534,0.929202259014534,97.4316796090377,97.4306835018777,2.24182694670517
P4,E11,3.19148855816202,0.867519941479448,123.717811590441,123.71791932777,2.00147657420011
P4,E12,3.3095086684577,0.926956755012197,118.209801239236,118.209677676392,2.10136630421342
P4,E1,3.34766321226863,0.912861884862987,120.497180953192,120.497153445237,2.04372903812315
P4,E2,3.2220157408206,0.963166549638401,83.5902003456747,83.5886229875108,2.18325135632813
P4,E3,3.62560957407494,0.993786216265392,132.41595418271,132.416427184764,2.22567104636169
P4,E4,3.47397586056135,0.940556743140257,128.526972977611,128.527282668057,2.1153947168176
P4,E5,3.3065907593657,0.932129847600329,116.697080788407,116.696893701263,2.12450853984058
P4,E6,3.06230234590028,0.89311942850237,109.165719695943,109.165216341216,2.06496675415835
P4,E7,3.38485103239862,0.910640476239958,128.418921516838,128.419226669834,2.07930174796513
P4,E8,3.25699517382625,0.855095993210639,133.64198970939,133.642514196864,1.95433739171429
P4,E9,3.19094754766168,0.944607547099899,121.610808105358,121.610827362412,2.23602048453457
P4,F10,1.78209412160172,0.741605829929529,22.0619254939318,22.1124284885248,1.80444705465748
P4,F11,3.19054844155487,0.918812516806447,115.281955205373,115.281708692271,2.13271190959521
P4,F12,3.39914790004698,0.907512710656844,123.752666900368,123.752776101391,2.02052177011969
P4,F1,3.24675145041816,0.963323169603897,119.843643892062,119.843588939853,2.29296097516437
P4,F2,3.34841707935927,0.927520216189837,128.032027576649,128.032316482647,2.14855193839661
P4,F3,3.35016427720463,1.00405548157694,114.313848972152,114.313561804962,2.31166242852345
P4,F4,3.19526676263981,0.984407553242839,110.680182912269,110.679743155026,2.36009296819601
P4,F5,3.61385811648556,0.9729696620349,134.007099080875,134.007638900539,2.13794237071849
P4,F6,3.21284516938859,0.921083042933448,119.912483129167,119.912431067753,2.16275686745077
P4,F7,3.31492764248571,0.898916220716409,122.285258352444,122.285305931968,2.03119637017412
P4,F8,2.92243782802525,0.869786760625017,86.857188545127,86.8557483789594,2.03327740621607
P4,F9,3.16167976649569,0.866624705463659,123.132242383669,123.132325530946,1.99810418097142
P4,G10,3.21628635093174,0.931898161260839,114.70161429509,114.70134341149,2.11830259307264
P4,G11,2.98805974100923,0.825036080779857,106.375552136291,106.374931612895,1.90024903530269
P4,G12,3.31143324679498,0.882090231997291,126.406898751305,126.407119412591,1.98741100023804
P4,G1,3.25728785163791,0.909345812974888,121.291010636778,121.291016464444,2.05421783138813
P4,G2,3.01739847437198,0.893954426069892,102.892548153567,102.891781366934,2.15470214312771
P4,G3,3.32012489089882,0.94509316166747,126.171625409298,126.171836190653,2.15446059430142
P4,G4,3.26175784003417,0.879817852379574,133.486012197467,133.486530134913,1.99521488539533
P4,G5,3.38716584781812,0.967130239534395,128.649837945104,128.65015279507,2.24063778325263
P4,G6,2.83712668043871,0.968408221383022,35.8640443985597,35.8604628560504,2.23193273516647
P4,G7,3.3299783772247,0.970292294695754,112.092694347058,112.092313905996,2.24902695979672
P4,G8,3.23751879581398,0.886373649041781,122.901325955403,122.90139940571,2.02693210435603
P4,G9,3.28512771984398,0.931672035393497,135.083256774869,135.083841786072,2.1376636605343
P4,H10,3.32954379501951,0.968712193860432,122.293100797178,122.293148706033,2.25333767731218
P4,H11,3.33310027388241,0.901474964649736,132.231221040097,132.231686284575,2.03515405478961
P4,H12,3.39983968396545,0.900368430692332,135.512848469719,135.513451520944,2.02085622234071
P4,H1,3.28583724181164,0.954185460374413,132.985838500015,132.986335433459,2.27355345600535
P4,H2,3.25486660792327,0.927713905969651,125.110281222023,125.110447433909,2.13562907618972
P4,H3,3.52009478845926,0.977692356379063,128.543529249827,128.543839635527,2.19583047597453
P4,H4,3.18574143022397,0.94441200382937,128.348339514236,128.348641703252,2.27368352075797
P4,H5,3.32814248913338,0.92883619459814,120.620045920684,120.620023572249,2.08198665607282
P4,H6,3.26113700831247,0.922529692437224,115.497186744172,115.496949269378,2.10066023841348
P4,H7,3.4763616281776,0.955235462864982,133.797095838565,133.797626839476,2.16326783612179
P4,H8,3.58286087552341,0.956288245591624,144.302486250545,144.303458408691,2.17881057406006
P4,H9,3.23241023764682,0.96720993963518,104.015934792512,104.015215180722,2.22168549072779
P5,A10,3.3088838629285,0.923171834198569,127.792239427446,127.791934998336,2.11728017219741
P5,A11,3.29123249157952,0.975356577366309,101.079308085694,101.080121705741,2.2388951192104
P5,A12,3.38309090337118,1.11758561834806,95.4646790019269,95.4657276179485,2.63145152317743
P5,A1,2.95588457309774,0.918863897070738,99.99918480144,100.000043629215,2.25922294973614
P5,A2,3.55669711148467,1.01633925219874,123.821197941219,123.82105971699,2.29000354569207
P5,A3,3.1778491609537,0.909995667545019,113.807819729548,113.808100607548,2.1619526558883
P5,A4,3.2949841114199,0.949911649179196,109.344369099028,109.344836791316,2.18331854170287
P5,A5,3.04864337365108,0.899703688960226,115.537075928751,115.537284430065,2.19131608071078
P5,A6,3.54556417960835,1.00101001185811,106.164359076858,106.164959866014,2.22279172238184
P5,A7,3.06787042533302,0.870013465024373,122.861794318147,122.861696249017,2.00654223929789
P5,A8,3.19898015970463,0.95225622651092,117.857223101104,117.857334494446,2.1954321955952
P5,A9,3.81325163426892,1.070783559398,150.324458292499,150.323210794729,2.40570609084255
P5,B10,3.00489010726267,0.86900404394415,110.205290893243,110.205722552312,2.02116527901889
P5,B11,3.39064103829994,0.917868794020021,141.055517991446,141.054658438031,2.08051496183715
P5,B12,3.25834016462901,0.894668216958085,118.449173018651,118.449259636385,2.00579303417638
P5,B1,3.10563985807602,0.899130967779958,117.584015446851,117.584138275089,2.15242962693419
P5,B2,1.97745273967756,0.696935334593565,38.1650918222168,38.1685386683091,1.73688255496137
P5,B3,3.26563706521854,0.933424438202218,105.458043164507,105.458673515972,2.13425914609569
P5,B4,3.01890240736649,1.00292504830464,93.5917240481428,93.5928510552509,2.40252873900194
P5,B5,3.30298444072951,0.981161643454436,110.472144881117,110.472565371218,2.32275193341293
P5,B6,3.46105894270383,0.9487062500701,138.31814672694,138.31740174409,2.17394896440016
P5,B7,3.27728584482292,0.934927831300423,124.759422676365,124.759245183463,2.1158449479285
P5,B8,3.38975940763745,0.903301988750631,131.118383776311,131.117940133991,2.05158481226566
P5,B9,3.70641488026455,1.05293076635682,129.20698914094,129.20662549857,2.37108017703406
P5,C10,2.96262810976082,0.855222045667097,108.796894846127,108.797385452528,2.02268174239736
P5,C11,3.33061512085389,0.970160027532217,116.581195103529,116.58135990404,2.21323258715682
P5,C12,3.2324070924824,0.902919876338171,137.721961031808,137.72124100185,2.03589663755264
P5,C1,3.35833021242468,0.941014783594463,117.385992844738,117.38612396106,2.09978668393859
P5,C2,1.26245027239912,0.346532883106365,60.5014059739486,60.5039179508228,0.732873674285214
P5,C3,3.23589609893395,0.959198681067986,113.951836167449,113.952111017752,2.30518623261227
P5,C4,3.19257426882718,0.930596627374643,107.914794163987,107.915321690031,2.15235741439236
P5,C5,3.32229590385785,0.93600884252818,125.208415100408,125.208218815273,2.13512569659767
P5,C6,3.18730324295145,0.911297713353285,127.549741160688,127.549446881155,2.09224047331713
P5,C7,3.54321003815851,1.02213805414895,120.749200247474,120.749190599341,2.30227967780353
P5,C8,3.30706432730592,0.915968075603005,106.847378212489,106.847950414406,2.07481919760014
P5,C9,3.35606986147086,1.07326236825635,104.384273546631,104.384948839896,2.53115732914037
P5,D10,3.42317696136562,1.03954340876805,118.509532849241,118.509616940662,2.39826819903385
P5,D11,2.96962488076312,0.884548949604217,113.923244668748,113.923520715726,2.12400496515553
P5,D12,3.54972847763117,0.990119360664572,149.870171146474,149.868942662543,2.21897348423247
P5,D1,3.24272404704344,0.935711743415915,120.529998757434,120.529998283811,2.15332325713936
P5,D2,3.19842679577817,0.845843736340201,132.266279501929,132.265787815319,1.93196473672079
P5,D3,3.28735894409433,0.913360404479096,123.464333679657,123.464210391706,2.12074637420535
P5,D4,3.46379762518731,0.91535955934897,139.300847126732,139.300061013713,2.04392125626373
P5,D5,3.52247295949082,1.01099683743904,119.455170195162,119.45521470766,2.29655683386333
P5,D6,3.13269841617475,0.982552282070275,91.2700943536348,91.2713185307649,2.3117304942158
P5,D7,3.09335330309879,0.900225402160377,110.448848104398,110.449269569567,2.10603306880706
P5,D8,3.44166306812908,0.934889351596124,120.787322245741,120.787311002042,2.07366379693083
P5,D9,3.53825789996921,0.967882565963806,124.384556360065,124.384394556904,2.14024376050002
P5,E10,3.58998335851842,1.05523059984634,130.891769675496,130.891335517935,2.39587615858566
P5,E11,3.17458525169257,0.870427793003224,122.43398078203,122.433900618706,1.9498283142565
P5,E12,3.053745576634,0.831241135997045,121.16536539523,121.165338328826,1.90103971568119
P5,E1,3.27289644960968,0.933824448151562,92.1385346530628,92.1397224822933,2.12173929665555
P5,E2,3.29119497538112,0.92281567321459,123.15194508274,123.151834869574,2.11234263964964
P5,E3,3.17730517607684,0.893825242970877,118.299861858769,118.299954725807,2.04822692907047
P5,E4,3.44588364044951,0.959616588554213,127.917194866213,127.916885207189,2.1407041154542
P5,E5,3.27495984052188,0.869075634091684,135.501354632709,135.500727544522,1.96602197676235
P5,E6,2.94191916824193,0.885411610881996,89.71450503543,89.7157943205523,2.20738337126842
P5,E7,2.87324576706381,0.852326224199364,91.4501149010104,91.4513315435192,2.00037709353897
P5,E8,3.16226118051693,0.858056120632581,122.022051411859,122.021988489522,1.96557967494363
P5,E9,3.3128136847113,0.880451308534765,133.134613906918,133.13408587684,2.00266984174214
P5,F10,3.29463708658467,0.967063753651391,126.716351920778,126.71609252211,2.21084957327636
P5,F11,3.54453248415224,0.932651264608856,146.592738239841,146.591646930339,2.0898033000303
P5,F12,3.23189124475434,0.884889897681846,137.795028195154,137.794305107027,2.02910865862042
P5,F1,2.73264443449604,0.814765558419041,95.9871621670748,95.9881889149661,1.9044968911214
P5,F2,3.15058426376375,0.91793501490649,131.428654484434,131.428197855973,2.18493429732636
P5,F3,3.09627018752468,0.905616140269654,122.381033562214,122.380955614955,2.13979243211357
P5,F4,2.9624311497192,0.892821191151719,92.7409681201334,92.7421307349753,2.11728017219741
P5,F5,3.28221922491302,0.888211680527403,118.430112019517,118.430199435035,2.00050346548718
P5,F6,3.28616780479501,0.931768021163661,126.190056555803,126.189819184822,2.14737474900594
P5,F7,3.01488817413728,0.895611417151839,95.7261323733801,95.7271700464723,2.12147752619141
P5,F8,3.09626080847508,0.945799690080237,98.3144042668833,98.3153336098498,2.17996968507541
P5,F9,3.18017516525473,0.844222219498566,127.002266907786,127.001995542367,1.91638488082051
P5,G10,2.91358505939747,0.787563986986823,129.308647802987,129.308279905772,1.81730927342687
P5,G11,3.17032716317374,0.941575871375758,118.63978300999,118.63986164989,2.37095380508585
P5,G12,3.14318419362861,0.846360080279287,129.888949332175,129.888557146886,1.93671271134625
P5,G1,3.05342668894756,0.878749252777155,100.117786573829,100.118640437618,2.01005357414447
P5,G2,3.20512343719325,0.893687431936875,121.083826676713,121.083803023049,2.03598690322993
P5,G3,2.95344602020149,0.899326945808831,105.591470158445,105.592094925425,2.11804743045438
P5,G4,3.38008960749888,0.922842519519915,138.085178959748,138.084443727584,2.09338684741872
P5,G5,3.38155273923662,0.885878736594653,132.160385062297,132.159897807816,2.00915091737157
P5,G6,2.17170223596273,0.761516806683584,70.9868615975023,70.9889347137107,2.15685264512141
P5,G7,3.43548227444206,0.92897779516354,122.314320065245,122.314244910229,2.09093162099643
P5,G8,3.35077069844632,0.933487974458154,118.73191117247,118.731985956417,2.12021380670934
P5,G9,3.25165290226354,0.897343898722152,128.771762994049,128.771417567734,2.09103993980917
P5,H10,3.40561938051265,0.898018635862655,136.10071716103,136.100064986986,1.98161085923036
P5,H11,3.16767289213667,0.901274197821744,118.528593848375,118.528677142012,2.11561928373528
P5,H12,3.2482764444072,0.959953957124465,113.119505871935,113.119815558782,2.22226818145356
P5,H1,2.98822353612179,0.907574130804696,110.853364863795,110.853769398227,2.21698763933209
P5,H2,3.31052519660867,0.956420983343684,124.03722259807,124.037075332295,2.26659765557074
P5,H3,3.17244682838356,0.863613305834874,131.969775070958,131.969295794311,1.97182605981211
P5,H4,3.15880969026378,0.863721585933018,118.845218222877,118.845288264445,1.96620250811693
P5,H5,3.0409056577303,0.855538832069933,112.198224247131,112.19857249351,1.98791140350521
P5,H6,3.44577109185429,0.937213346760432,140.786546114779,140.785697818974,2.13343772843235
P5,H7,3.41330082213582,0.940881446944682,131.894590018818,131.894113888985,2.09783694530912
P5,H8,3.35893047159914,0.918254485939858,127.905546477853,127.905237306363,2.09938048839078
P5,H9,3.27108629303669,0.978908343560818,107.488039572267,107.488584959796,2.3105480138433
P6,A10,3.28115333765639,0.946316455648075,112.205241524041,112.205373509019,2.16905885010713
P6,A11,3.43069243933122,0.917248313098265,145.864211302747,145.86396054847,2.05613218083351
P6,A12,3.59013087351483,0.956342656983691,126.35691284264,126.356883907656,2.09527409408772
P6,A1,3.269900020357,0.903479661921769,112.513138768471,112.513267252321,2.04764569885232
P6,A2,1.46262622886181,0.379162439214421,77.4147270606631,77.4152546517954,0.834392828305644
P6,A3,3.41596897558174,0.935406323302423,122.221272753696,122.221290845457,2.08574665069927
P6,A4,3.38807330218062,0.911731763820911,139.352853924902,139.352677211871,2.05050393186886
P6,A5,3.39186625295165,0.907501013381744,121.100348292817,121.100379130714,2.0343513866427
P6,A6,2.90961453104269,0.885681639749925,106.565813444189,106.566009555624,2.15055090915439
P6,A7,2.39840905490288,0.868512705575143,24.188575038948,24.1897078695726,2.01773129095397
P6,A8,3.39009979597318,0.932498796199853,130.822761570537,130.822681853974,2.11266167827163
P6,A9,3.21672697526905,0.876683721061065,126.464899992135,126.464869829219,2.00227566056827
P6,B10,3.50534990533497,1.01744260593349,123.602794302614,123.602796684966,2.27979773608414
P6,B11,3.43036066822359,0.918642821193736,135.596507542863,135.596373543594,2.08444103808678
P6,B12,3.37623714374621,0.883650024122018,139.493861938293,139.493683621847,1.96605373227849
P6,B1,3.24608423490108,0.880173110007943,136.756700058105,136.756552866179,2.02694997460298
P6,B2,3.27932411317107,0.918572427494348,113.422551209263,113.422669352101,2.09664145864809
P6,B3,3.43769549973825,0.920632557025804,132.476482132646,132.476383611474,2.05128024207088
P6,B4,3.40296713487726,0.990684089571199,79.6244475743069,79.6249500385031,2.20943580231909
P6,B5,2.90452139620122,0.83507748048482,107.161973905866,107.162163238306,1.97513126861804
P6,B6,3.21268295447062,0.89892367477024,119.034313159907,119.03436749088,2.09696786180122
P6,B7,3.09320948857655,0.914404051219196,116.677337442405,116.677418574767,2.17236699017256
P6,B8,3.14679500585237,0.894633223345517,113.901799963636,113.901912656891,2.07595455610559
P6,B9,3.06551108448268,0.91363595794233,105.173582425899,105.173794368523,2.14370526464565
P6,C10,3.24776999079932,0.878832065481628,130.42383383645,130.423758656132,1.96835619776403
P6,C11,3.21199251189528,0.870245816275265,122.88882967785,122.88884017876,1.96917661650026
P6,C12,3.26806182908499,0.898876448617486,127.95619360211,127.956146481557,2.04771627250705
P6,C1,3.64041661328772,1.00940524937046,135.476026012435,135.475893383172,2.25523810423837
P6,C2,3.44509309875976,0.981728050678177,127.522460092566,127.522417904037,2.25477937548263
P6,C3,3.30933594823167,0.944250088700218,125.256514864723,125.256498442466,2.16084584103802
P6,C4,2.93745640372365,0.888457290048578,97.7631650943203,97.7634613014837,2.07917447910261
P6,C5,3.14328899225551,0.916288642031925,107.489505177477,107.489690785528,2.09092499261503
P6,C6,3.54624741944056,1.04388034088086,127.480514670862,127.480472959297,2.39872316600974
P6,C7,3.33403047878348,0.942857362723719,122.011545645171,122.011566121759,2.14416399340139
P6,C8,3.1040144665413,0.89956434654062,110.646121274713,110.646270988592,2.12375056377096
P6,C9,3.10616649534756,0.92846407884759,111.090564253629,111.090708913705,2.11420547696883
P6,D10,3.24078486396567,0.964892372751131,96.867317981398,96.8676243753217,2.21637848560308
P6,D11,3.2224657187524,0.930761230202302,107.843810122516,107.843991701733,2.13154895261854
P6,D12,3.41140488115513,0.943605852691895,121.618865101551,121.618890043346,2.12764975819475
P6,D1,3.30418901267004,0.86884774394185,133.589374491496,133.589263315523,1.9626485534378
P6,D2,3.36342360556228,0.938140984864723,125.8526753264,125.852652125148,2.11226470146378
P6,D3,3.48331851043091,0.935116728969498,142.550522988062,142.550309914041,2.10124638961918
P6,D4,2.14984972778012,0.769767275464027,72.2701657113499,72.2707518017646,2.17241109870677
P6,D5,3.05027651389171,0.845560795336715,103.4913032788,103.491534350775,1.93187843997586
P6,D6,3.36523489647421,1.02416119445736,101.493987241023,101.494241024663,2.36019877223442
P6,D7,3.29501598988336,0.877809129191787,112.036567381441,112.036701284428,1.99322458934924
P6,D8,3.27086843331981,0.913816843017973,121.340418897893,121.340447005925,2.10628358422548
P6,D9,3.67738667482189,1.01573177172052,137.328764213696,137.328610516777,2.26974981199206
P6,E10,3.40313750382443,0.935453549455177,125.723269238162,125.723247508398,2.11748715191374
P6,E11,3.45644505071277,0.917251877336209,135.074420911005,135.074292848431,2.04446988438951
P6,E12,3.36456238747226,0.893525636404513,133.068180315419,133.068075065992,1.9892283561502
P6,E1,3.11038088509315,0.903696189376849,113.875026290208,113.875139287909,2.09982609481775
P6,E2,2.21273380285631,0.704510534012389,58.495646205783,58.4963889275317,1.66981199484569
P6,E3,2.85787617182558,0.855461357284815,99.9947507745975,99.9950216061939,1.99190133332307
P6,E4,3.27688514719064,0.89416898135335,128.657663845941,128.657608748905,2.04462867511265
P6,E5,3.3895886891317,1.00273121382089,96.9109590690867,96.9112649667635,2.28828421806533
P6,E6,3.1658942615079,0.885130964987624,110.840676634962,110.840824136533,2.03683910797191
P6,E7,3.45064353972256,1.04984152884169,102.570288912855,102.570530457769,2.37960652728496
P6,E8,3.36049146631375,0.987148365531053,110.778204730295,110.77835294224,2.26122804318351
P6,E9,3.27268869101844,0.902095846540129,131.063724631395,131.063642174819,2.06867664796164
P6,F11,3.15450644240812,0.881060605255924,111.450223933354,111.450364503706,2.02495626885688
P6,F12,3.30001945685791,0.889864272976852,130.945920468309,130.945839351295,1.9949095353559
P6,F1,3.01391619385265,0.89726452200745,104.391791161783,104.392011994227,2.1148406398614
P6,F2,3.34470992173453,0.931441108590062,119.999950314899,119.999993665524,2.12254198993372
P6,F3,3.30251222355849,0.918363919574642,132.385451642989,132.385354156933,2.10072590891555
P6,F4,3.41826447297508,0.94595914079422,120.695173368263,120.695208813442,2.11392318234992
P6,F5,3.30636794183637,0.90951302570096,126.168604672858,126.168577879144,2.0789804015521
P6,F6,3.25183194517113,0.924999639566318,109.946435942445,109.94659361251,2.09163072916232
P6,F7,3.21971291523773,0.883315876814797,124.838845559236,124.838833886335,2.0054338316174
P6,F8,3.31985398902225,0.895650813278442,117.833960134522,117.834028114821,2.02979056420583
P6,F9,3.00037634594661,0.811816372604776,130.531820985946,130.531744577695,1.86575092549456
P6,G10,3.03498814258059,0.872712268932303,106.18384236994,106.184042824804,2.00314900954554
P6,G11,2.97398709270988,0.888562435067917,96.3071234876927,96.3074362516398,2.08376176666001
P6,G12,3.11728531084656,0.957629346881365,109.97945680634,109.979614100922,2.2588902908706
P6,G1,3.03063925103461,0.896874237952615,109.506455242434,109.50661791556,2.10173158349544
P6,G2,3.36432925101825,0.895462799726912,136.641573262361,136.641427379553,2.01275584829556
P6,G3,3.51891665360109,0.921168974836331,145.931145486319,145.930893970927,2.09408316366416
P6,G4,3.02378862600136,0.8343824540858,127.312732984042,127.312693180339,1.92386833016409
P6,G5,3.22025988922599,0.873300368193012,131.250247889614,131.250163312065,2.01988378742321
P6,G6,3.28906204351938,0.854670987520801,142.480911437148,142.480699154686,1.91600818936862
P6,G7,3.48608028073227,0.942322727032164,133.895486824364,133.895372167559,2.12235673409006
P6,G8,3.45435578941336,1.18746566644264,118.833510609192,118.83356722351,3.03737945448194
P6,G9,3.59963566740914,0.96308263093522,138.770080299938,138.76991021368,2.14044123311443
P6,H10,3.64434406585914,1.15086985335574,125.765214659867,125.765192453137,2.76452406188504
P6,H11,2.97658746085077,0.87671758132153,112.427463013499,112.427592471576,2.09597100892817
P6,H12,3.41422941896335,0.953599975886018,125.39395305499,125.39393506991,2.16468328351392
P6,H1,3.25830596516329,0.929497707851261,117.510891141817,117.510962795763,2.12791440939999
P6,H2,3.14048238802068,0.879368483292154,111.134294586896,111.13443874971,1.98375889790868
P6,H3,3.11895313317141,0.900017004759469,108.241845400822,108.242022453943,2.06977936131678
P6,H4,3.27142437409476,0.959447999292136,112.797832162595,112.79795740917,2.232266379624
P6,H5,3.19670414058416,0.920663744107812,122.563975773582,122.563989968436,2.13498059657975
P6,H6,3.27845433486187,0.895628536791294,126.30068812844,126.300659832792,2.00815091732448
P6,H7,3.31631210827862,0.942521433297525,112.479225448794,112.479354318276,2.13801526373311
P6,H8,3.35119290851338,0.931498136397161,130.341727904602,130.341653657918,2.12974050271611
P6,H9,3.28711625080706,0.971148501401803,122.952194038298,122.952203818686,2.2953945137793
P7,A10,3.11673016667634,0.85360946828111,121.293427176824,121.293262831364,1.91746531918124
P7,A11,3.14765392386153,0.938298822877169,106.165216550734,106.165537487972,2.11852897019215
P7,A12,3.23059216693546,0.972023892804689,106.849676073848,106.849975054995,2.2708762844357
P7,A1,3.27333231914264,0.852309989757912,130.329655959211,130.32920174963,1.93007720824309
P7,A2,3.15441413094266,0.84393053242249,124.65049180797,124.650219774601,1.93712766685092
P7,A3,3.2891899398853,0.979523689456029,98.6204864076894,98.6210493647599,2.25022723136289
P7,A4,3.51094521762254,0.974778502651606,130.772656077301,130.772187657162,2.23300473705368
P7,A5,3.34824398025522,0.934708135130317,121.737400921546,121.737222334298,2.1429454438951
P7,A6,3.38187740722087,0.917527623731209,129.653959075796,129.653526541217,2.10946025053245
P7,A7,3.45603483035332,0.89679111292365,142.81057576973,142.809721197238,2.00157746977367
P7,A8,3.40141310206415,0.912578754119248,126.385494468267,126.385166779487,2.0500964654604
P7,A9,2.00615664304981,0.677686225910557,82.6182511530093,82.6193274297375,1.62480849661234
P7,B10,3.15812945136329,0.929521783816991,118.322892319043,118.322823262392,2.18638739178026
P7,B11,2.96791249509134,0.82426313399336,112.425635801974,112.4257559175,1.90660258969767
P7,B12,3.24141222289728,0.848045992468239,148.663045461674,148.662003153675,1.93357552739965
P7,B1,3.35302082079602,0.930339183380864,126.568536275302,126.568202714907,2.11834956920976
P7,B2,3.21946482883359,0.945021244970483,115.063190351213,115.063225859272,2.2257928175617
P7,B3,3.251701518799,0.924692099778,125.315478798421,125.3151854336,2.12461066349509
P7,B4,3.13664763629968,0.836822091383887,134.676898876285,134.676305215857,1.91874803620531
P7,B5,3.44228162669101,0.932875879307053,131.031640761722,131.031164033874,2.13913317301936
P7,B6,3.05206124356547,0.874988158071386,117.624802023065,117.624755359752,2.06826081492714
P7,B7,1.3844410695054,0.387271899034103,66.7163968042082,66.7179831805757,0.833834050289952
P7,B8,3.41854640926703,0.996260368012512,113.528754777347,113.528839507027,2.3303028598516
P7,B9,3.08403720929084,0.950188917947747,94.985548735438,94.9862282940289,2.18139107442076
P7,C10,3.4874614128586,0.932112735862218,146.560985560675,146.560010682548,2.12445817266006
P7,C11,3.25623625825977,0.915899940160057,121.386895333607,121.386727989876,2.10389882007844
P7,C12,3.16699407552478,0.913318772005148,108.645043585401,108.645284974754,2.13404715516868
P7,C1,3.09174719753214,0.877446582875027,117.795186683869,117.795134554957,2.01009901643708
P7,C2,3.03396884362244,0.903687866153546,128.612178578311,128.611779461964,2.26385273597523
P7,C3,3.23044318165543,0.837095150868227,140.92368735466,140.922893309769,1.86138457208688
P7,C4,3.40809881650527,0.913581158154596,138.369864695873,138.369152572498,2.07312258154985
P7,C5,3.1278575047782,0.88666122866581,126.872307784849,126.871964480072,2.08697233739017
P7,C6,3.32741397579172,0.969210579615863,121.338214001949,121.338048219818,2.20912646629789
P7,C7,3.47600816945668,0.916856982522111,138.630796633561,138.630076140012,2.04669681684415
P7,C8,3.15574568688289,0.927442262402044,115.399091539654,115.399116272676,2.21500184847108
P7,C9,3.56850009361221,0.941657365590103,143.057876934554,143.057014429135,2.14002120788218
P7,D10,3.13732738163979,0.913791956518729,108.235146772839,108.235401310861,2.13817337776359
P7,D11,3.15589467216291,0.885388433479843,129.961625091876,129.961182687987,2.04835627593124
P7,D12,3.36968854899882,0.962328057499156,107.621761993946,107.622036208124,2.19742952224622
P7,D1,3.41132062318581,0.988051684035375,98.1219895715099,98.1225685193605,2.23630571512961
P7,D2,3.18693947988813,0.934716140131486,110.184347292432,110.184539304005,2.21043609346932
P7,D3,2.85642494773262,0.8584044639817,96.5289416743283,96.5295717239648,2.06141666744905
P7,D4,3.27980386724372,0.902699693231388,135.704074974272,135.703448364092,2.06418841262694
P7,D5,1.81654493947797,0.614911896183137,42.3325993152795,42.3349678750345,1.43305575658735
P7,D6,3.28649889326485,0.956972711716695,113.623196560764,113.62327826094,2.23885320907951
P7,D7,3.24740888041828,0.843283906216902,135.706022227538,135.705395554895,1.91618260215717
P7,D8,3.14426450874096,0.941586210024151,105.463231748224,105.463575203728,2.22578384751258
P7,D9,3.29374330250606,0.951372768676273,119.301387085372,119.301286640568,2.22501242328831
P7,E10,3.35504143365636,0.92690770621283,130.623691202427,130.623227560783,2.0801371599612
P7,E11,3.2052087998512,0.915022058365124,107.839854359775,107.840121577986,2.13298868937259
P7,E12,3.21087955207215,0.899781425582782,124.913370998925,124.913090532917,2.09838223987002
P7,E1,3.55532420791,1.1015065656121,79.2541764101038,79.2553605996122,2.4877182518476
P7,E2,3.4451961512315,1.02487202108181,102.367099054765,102.367541828005,2.35956316007901
P7,E3,3.45975015077395,1.043488096024,88.8547191890727,88.8555954123967,2.36194022309565
P7,E4,3.38951290282215,0.948002663183872,137.56856997678,137.567883557334,2.17923826263211
P7,E5,3.32678078835161,0.918880468928871,129.989860264237,129.989416954621,2.10310048570681
P7,E6,3.57346316575304,0.988572898555974,130.494198860216,130.493739372428,2.22849280234663
P7,E7,3.16034560740366,0.827411767786736,138.428282293863,138.427568296568,1.8726419837317
P7,E8,2.99406872331573,0.862111668967798,98.9529799029146,98.9535321942597,1.98875029953296
P7,E9,3.41715898384679,0.904796114093249,140.432979531546,140.432201227579,2.04877786823985
P7,F10,3.50587971810169,0.963009372043147,125.805212994902,125.804903920389,2.18573257819455
P7,F11,2.90464030898072,0.880111358819929,86.3909569938533,86.3919122497341,2.03551116559228
P7,F12,3.55799663137045,0.992800428618096,136.397297137084,136.396648289726,2.25211991172708
P7,F1,3.26472841922119,0.875330594232529,132.269120212472,132.268603788762,2.0042774545586
P7,F2,3.43034418112901,0.974569483176622,119.181631009493,119.181534406224,2.26579026658501
P7,F3,3.00077306091686,0.851428550184681,102.087668211047,102.088119947869,1.96311389914977
P7,F4,3.05669841040625,0.888785222309477,102.48880238391,102.489241253151,2.04258853434748
P7,F5,3.45765504527359,0.942271082346439,121.553385487878,121.553212803476,2.1220721395943
P7,F6,3.31764612837008,0.998873556172099,95.5587227343812,95.5593839066982,2.27407859197132
P7,F7,3.52479153708487,1.09884712633465,108.689830410526,108.690070363208,2.56291417361536
P7,F8,3.35982758577716,0.922871406734203,121.653669031094,121.653493129797,2.10356692826102
P7,F9,3.51024684912243,1.01885048131312,100.444867992911,100.445372427474,2.27189887003531
P7,G10,3.44185329401094,0.934404834530446,128.797167638612,128.796762588187,2.07188471477137
P7,G11,3.47746077593692,0.964294619453154,128.26069936374,128.260311522142,2.23210773214174
P7,G12,3.15528010788281,0.844996976467196,133.2563776185,133.255829525549,1.92774499547205
P7,G1,2.83710341922937,0.797864419025172,109.48820424972,109.488418592168,1.85907029941408
P7,G2,3.28190828432408,0.93257613648548,129.722112940118,129.721678219299,2.15666961904775
P7,G3,3.28959964940537,0.887643175475947,119.340332150698,119.340230456615,2.00860998828326
P7,G4,3.44609937449165,0.925068334832971,144.259332199877,144.25843115418,2.07627106879075
P7,G5,3.22304047555419,1.00947573549895,84.1319484795881,84.1329761999377,2.35554457807353
P7,G6,3.2897858810054,0.883430765971589,127.572345334093,127.571979573514,2.01228770842221
P7,G7,3.38908457014208,0.936980666017908,122.165796640138,122.165604310813,2.14635406256047
P7,G8,3.2183195044934,0.933892514455592,123.604816803953,123.604578313743,2.17668179863309
P7,G9,3.17441540478602,0.922585895025821,118.299525279847,118.299456972764,2.08396737093518
P7,H10,3.27782981228339,0.959816266021051,105.330818526113,105.331166229169,2.19535744089964
P7,H11,3.03866187994322,0.857733822772602,115.516900362267,115.516921316218,1.97955599918559
P7,H12,3.38906594698207,0.976852687399106,119.538951983864,119.538843918454,2.26472283073981
P7,H1,3.22876709725515,0.921877897144599,121.357686534613,121.357520127841,2.16299350367692
P7,H2,2.98931981751494,0.809704705199583,116.074788423069,116.074791481088,1.8552849386857
P7,H3,3.06386832700746,0.88039864941746,112.361376444185,112.361498621023,2.08272053410758
P7,H4,3.57715986301366,0.982071948161685,127.015430899924,127.015083004044,2.21405999331355
P7,H5,3.19735913790988,0.858664181797425,133.194065513977,133.193519419874,1.98101811719205
P7,H6,3.275483294123,0.873800749564562,126.913200103442,126.912855486921,1.9675720135621
P7,H7,3.35373781245614,0.937583709439352,133.491995263725,133.491439612632,2.14578894946595
P7,H8,3.22862742355513,0.934579165667029,116.337667614023,116.337662239405,2.13211859460801
P7,H9,3.37505201907972,0.952642895528516,123.637920109481,123.637680557383,2.20486569296618
P8,A10,3.31269704422754,0.88970889745572,143.255409296645,143.255749161384,2.00701840996534
P8,A11,3.5096473402006,0.916326963091402,136.308495619245,136.308700386303,2.03792780462132
P8,A12,3.3473362900858,0.995935737004106,101.651322269135,101.650853052897,2.24565214232539
P8,A1,3.13392793941959,0.917693729531283,109.862895161838,109.862585637301,2.13281015467877
P8,A2,3.45965957142625,0.982681242629452,130.123376022195,130.123460506296,2.22982191029597
P8,A3,3.16801241938932,0.89051375266276,121.124480843259,121.124390324483,2.07745386363534
P8,A4,3.33921653480818,0.894287647663323,137.638393582919,137.638624212704,2.03836524064716
P8,A5,3.16459976862046,0.909080787207903,108.250160885354,108.249819997729,2.11330711073429
P8,A6,3.1615065285147,0.887310032295519,121.259820855406,121.259732968608,2.03787003005187
P8,A7,3.04000439338216,0.91058968413609,115.18005575883,115.17984963792,2.33011856286193
P8,A8,3.25685901699229,0.941888966145364,107.077484253156,107.077120560312,2.14200456473131
P8,A9,3.30662824162874,0.896152697152325,128.000888047264,128.00093125502,2.02891497178705
P8,B10,3.37028342456604,0.881128182394224,148.687649424924,148.688094931259,1.96290339943497
P8,B11,3.33255093860202,0.967522034443478,110.760839673569,110.760547611495,2.19383660703827
P8,B12,2.95456204100427,0.891055831734441,100.979484723806,100.979002442241,2.11853983602452
P8,B1,3.52305418250682,0.978411543599912,124.704102601667,124.704081696337,2.20903131880374
P8,B2,3.44769848264773,0.957972022505332,122.956028313035,122.955973412641,2.15954327331448
P8,B3,3.2792009523214,0.869980028802674,133.014141431351,133.014282132605,1.97899774378188
P8,B4,3.31073855253014,0.886885293510696,135.387859368951,135.388046232256,2.01158260095192
P8,B5,3.21453710413222,0.922169187232849,122.386303591242,122.386237611324,2.140461158376
P8,B6,3.15690029053112,0.878166579661134,121.105030781633,121.104939884609,2.01272158532109
P8,B7,3.17816631625823,0.939110810902996,119.146247492054,119.146118502275,2.2606735303825
P8,B8,3.19979378036726,0.890955844588597,129.735995628145,129.736072578801,2.04495154156451
P8,B9,3.40789823291735,0.923335979381042,128.389078860549,128.38912961751,2.10541675524935
P8,C10,3.37449460199264,0.917901140883405,126.93518675401,126.935209236911,2.05006871771583
P8,C11,3.32515406008824,0.903714534934274,131.402217574101,131.402326928027,2.05218986976565
P8,C12,3.39044832405985,0.979144507222749,111.048538501786,111.048252034635,2.23876046154095
P8,C1,3.01466167892871,0.974766557646882,44.8988789119544,44.8973060223598,2.20607656225184
P8,C2,3.05943801056835,0.864983976870682,118.237767530276,118.237620873149,2.01541222955549
P8,C3,3.32951653730262,0.89464297388409,127.471684287192,127.471717203442,2.00861133738018
P8,C4,3.40153523628675,0.931233311222598,134.645515350227,134.645687777056,2.11704595072873
P8,C5,3.52195305627352,0.999555106415639,120.897563457623,120.897468525951,2.27883950571971
P8,C6,3.16886137930965,0.9401991007466,107.421102008548,107.42074499809,2.27243478202063
P8,C7,3.16667593793058,0.877258431948057,116.647724992355,116.64754741343,1.99730402878774
P8,C8,3.32310310740942,0.965913976709496,108.755862487628,108.755531434459,2.25012554470284
P8,C9,3.29537321852652,0.928185769124486,119.823757972024,119.823642157894,2.12657050117813
P8,D10,3.46548461325585,0.91995872760366,137.330434273842,137.330658914695,2.05797558022062
P8,D11,3.09880117202291,0.844651053642332,123.361237930243,123.36119091002,1.9426740466174
P8,D12,3.20355946397427,0.909155157812249,122.293915798519,122.293848021922,2.08118445011985
P8,D1,3.29566741255832,0.957180388739065,111.807090905198,111.80681918973,2.16592323648379
P8,D2,3.26906386654002,0.898049973903211,126.02103385759,126.021038562822,2.06011323929029
P8,D3,3.29210346200168,0.865356656232463,142.135409914684,142.135727998626,1.97753687252577
P8,D4,3.46459362561669,1.0526474545186,94.1206636171876,94.1200479510906,2.38848738502671
P8,D5,3.30869600539509,0.90336747211399,132.544098275391,132.544229835644,2.0750190782085
P8,D6,3.44693357816505,0.987829341130331,120.348909635925,120.348804034498,2.20996396542487
P8,D7,3.16085089610098,0.913493443065799,122.88714267811,122.887086438086,2.10562309299738
P8,D8,3.2340463712123,0.861026634379396,128.786184285412,128.786242764943,1.95379152448165
P8,D9,3.0620941623983,0.828672116128449,118.177796506929,118.177648683537,1.90482345011744
P8,E10,3.26961863242856,0.959720558047524,121.010211731207,121.010118990222,2.31413976765392
P8,E11,2.20908276997208,0.747781688800839,34.5069541109834,34.5051791280543,1.70716014100767
P8,E12,3.43983089368307,0.922804642729988,129.453159315335,129.45323076563,2.07262556033127
P8,E1,3.21930304744734,0.925507601027961,112.936004898737,112.93575513743,2.14265659201511
P8,E2,3.22986881596077,0.945490156075834,108.776122968489,108.775792309328,2.21513891614564
P8,E3,3.32725544602965,0.96118152725291,109.580058849028,109.57974382413,2.23115897890325
P8,E4,3.30308110215963,0.872925104734798,134.119553267092,134.119715465457,1.98466790509794
P8,E5,3.2227409148475,0.896156002512518,125.061497484044,125.061483529027,2.03518763932738
P8,E6,3.38485023191192,1.11006982447463,106.204662737692,106.204282070955,2.65776639972525
P8,E7,3.47202412630553,0.996968662064475,131.172058511528,131.172163389515,2.27701548002706
P8,E8,3.44326876108323,0.965508243745783,128.138659317115,128.13870520413,2.21179624462744
P8,E9,3.03086756730889,0.891098801416952,107.009409037466,107.009044020752,2.08843103183092
P8,F10,3.33666965504719,0.945552957919504,117.031053290233,117.030883165952,2.16700444628351
P8,F11,3.61430476562678,1.12376227907488,104.063697204216,104.063274901799,2.59669042630623
P8,F12,3.28157972120708,1.06051421177837,105.151928152188,105.151527012762,2.47660185694854
P8,F1,1.92614376127637,0.532916749443142,89.8816847696602,89.8809866675,1.18492755423528
P8,F2,3.02472311481619,0.807336016081469,123.100282936761,123.100230841708,1.85346185787601
P8,F3,2.26810649829451,0.771278668074111,84.8891781179744,84.8883829257817,1.94619829535387
P8,F4,3.25109281396905,0.944050671711704,117.330908406966,117.330744114013,2.20100065365013
P8,F5,3.12031095851922,0.856459452932469,127.056749639172,127.056774486125,1.96008895255174
P8,F6,3.46580402391895,0.97083648437719,115.102255512327,115.102047878423,2.17564587117131
P8,F7,3.25553094107732,0.997026505867856,125.655534782869,125.655532380185,2.35877474930934
P8,F8,3.52531527377979,1.00954555759953,117.638057296809,117.637898977027,2.30842833878825
P8,F9,3.24452808428808,0.873540728070778,126.542943844553,126.542958699447,2.00461663857818
P8,G10,3.31631983359054,0.922252647577727,128.534143903509,128.534197481572,2.12430078594972
P8,G11,3.38464009331778,0.927993231893233,131.905487918672,131.905607059773,2.08303323634226
P8,G12,3.31636186130936,0.926048853759595,130.110409314445,130.11049354638,2.14221090247935
P8,G1,2.10853565544732,0.656885109828424,73.0987938860981,73.0977694045185,1.57464178570822
P8,G2,3.07114693303391,0.807678120861463,126.14583841969,126.145845552015,1.81034552204614
P8,G3,3.27646915059757,0.894934671921138,127.173450008927,127.173477125371,2.04372176858621
P8,G4,3.22243831527193,0.963668810798278,104.903372572993,104.902966599869,2.23402294684601
P8,G5,3.35386739759172,0.918557254881751,128.313709871748,128.313759162998,2.07761893383377
P8,G6,3.35273264918335,0.987424434506667,108.015949726608,108.015604284243,2.24938272880991
P8,G7,3.08556244059201,0.828319268927827,123.916375105816,123.916338881431,1.88399984458552
P8,G8,3.596972534382,1.08228827205095,94.2837199671517,94.2831074720363,2.45925297909357
P8,G9,3.11263669706118,0.898222678973305,111.88813282864,111.887862689206,2.11820969562766
P8,H10,3.2052657893587,0.982739086432833,106.964835979573,106.96447009604,2.31267064288789
P8,H11,3.42619710169518,1.01458623189413,111.183878513934,111.18359467876,2.32686667995286
P8,H12,3.49682888595798,0.949065729464807,126.012929665246,126.012934212875,2.13210035282553
P8,H1,3.58290165411829,1.04007882238403,127.870410550524,127.870451220864,2.37955708729165
P8,H2,1.95115865952296,0.681231566671343,32.4834183245744,32.53241826381,1.59589457375605
P8,H3,3.35722961509798,0.953587462209078,121.953539720065,121.953465324123,2.16624512337073
P8,H4,3.33255934414578,0.950561404952221,122.746129731322,122.746070748998,2.22222042765828
P8,H5,3.18298269283595,0.933648703183765,109.953662116093,109.953354356714,2.15808240205838
P8,H6,3.17623304119213,0.860920036513166,120.271109389421,120.271002275001,1.96594069108608
P8,H7,3.258985619565,0.882667653904197,124.425318385029,124.42529205814,2.00433601924085
P8,H8,3.28906906070228,0.903865755163112,124.991801429884,124.991786119477,2.06693889199536
P8,H9,2.98600718023159,0.892610177365284,106.264633761039,106.264254260567,2.14419174486051
P9,A10,3.42422747690742,0.973842910428526,115.261409548862,115.261683108197,2.22214063323662
P9,A1,3.4920938462125,0.960550494457235,127.854292898335,127.854182089888,2.15117149864354
P9,A2,3.39124283032902,0.96829952095939,132.879764319755,132.879500120759,2.2382988790196
P9,A3,3.45884401694671,0.937355730819673,130.001968660015,130.001792298879,2.12220320751522
P9,A4,3.04332314446563,0.849697353517813,100.082778498873,100.083515349781,1.9358165179621
P9,A5,3.41433412280073,0.934519164407664,131.675628118646,131.67540067304,2.08804308659434
P9,A6,3.11978755244282,0.902932935397798,112.85089062388,112.851237758566,2.08441940131055
P9,A7,3.30446689554579,0.957806003974497,98.6517434986742,98.6525240285186,2.1735387490356
P9,A8,1.89049240768271,0.630260534032053,41.8912116881995,41.8937246981342,1.56546952461606
P9,A9,3.28423141663066,0.945623730741363,132.23613554808,132.23589099432,2.19929658214933
P9,B10,3.24558613960977,0.914190264068698,117.585437347458,117.585639971378,2.09900950258476
P9,B1,3.12142964523785,0.860603119549675,117.128269965134,117.128486542999,1.94722794793474
P9,B2,3.05002410698944,0.896548306756675,97.5082634121732,97.5090788440246,2.08032951090253
P9,B3,3.13329147083175,0.974713446487099,104.903816348836,104.904406049043,2.33676352037127
P9,B4,3.43782318930352,0.973924523184017,132.547278950792,132.54702490012,2.22193931738752
P9,B5,3.29008583442163,0.913476675616839,125.742561500867,125.742515147994,2.08548955398208
P9,B6,3.46502481342986,0.974213306780371,126.908506815001,126.908424874423,2.16902503578737
P9,B7,3.02200653613266,0.917344910963648,99.4986825804245,99.4994372594699,2.19946611128541
P9,B8,3.43792518264483,0.950062209059232,127.033188828362,127.033103082162,2.12058208515142
P9,B9,3.26047716744046,0.938902187904494,124.650751437921,124.65073840995,2.20071638866403
P9,C10,3.20182079685532,0.884375450379943,117.006957735918,117.00717801655,1.96154256436282
P9,C1,3.03252204962132,0.895769846627374,102.124867690679,102.125542211677,2.08939931968301
P9,C2,3.35005791910962,0.907799357523307,130.786005104394,130.785804812412,2.04845803331878
P9,C3,3.4563757780871,0.975978444197213,116.765456538867,116.765684190748,2.14574656628886
P9,C4,3.56708955007488,0.955788704069534,144.995261582035,144.994627586331,2.17223549380195
P9,C5,3.04102829428624,0.937125540996493,93.2105530399121,93.2114996491401,2.21233973005677
P9,C6,3.61587296522159,0.993138049197936,137.070652534623,137.070260418742,2.24059811792774
P9,C7,3.0757978243375,0.887164932509939,104.096191415443,104.096805766478,2.05081025008194
P9,C8,3.23193943054302,0.919140391584455,109.526036934251,109.526485552179,2.10783561323212
P9,C9,3.18783750976225,0.896783728166746,131.82951492793,131.829282785295,2.08021295962147
P9,D10,3.41600681359815,0.924648206262736,140.22814027839,140.227651787713,2.12432232171627
P9,D1,3.08133606277042,0.862616234185125,111.643384638626,111.643768629557,1.97123751183261
P9,D2,3.33400416718804,0.944082505243432,133.389724987016,133.389445222684,2.148045805197
P9,D3,3.33103616095603,0.929538693687942,125.24158692466,125.241555862842,2.11753056070192
P9,D4,3.17833173035253,0.836945883630996,133.26167318951,133.261397333655,1.91526111021194
P9,D5,3.3207654314865,0.901742226221528,106.424712259566,106.425255538045,2.02841121297687
P9,D6,3.437547807282,0.928811503110167,143.0711148353,143.070539569594,2.0998995305492
P9,D7,2.96135109605791,0.87287851502946,95.8514528742664,95.8523188763147,2.05990125000443
P9,D8,2.99041919833015,0.791344233341577,124.672093404172,124.672079724789,1.8164362194461
P9,D9,3.23034833441864,0.883911931781448,115.31532609518,115.315598008841,1.99183530186679
P9,E10,3.12596834892597,0.891148262768338,112.027540031144,112.027912296647,2.03457783530192
P9,E1,3.30463008489188,0.918836959544808,127.30726460548,127.30717049377,2.10408478109627
P9,E2,3.26604600387578,0.945206250107504,124.633902517197,124.633890003499,2.18201520583979
P9,E3,3.18316621473043,0.928332289751001,96.9207977095798,96.9216310724231,2.12233035436729
P9,E4,3.06300785933771,0.912426172969234,107.168311294206,107.168831876096,2.09735659350794
P9,E5,2.99110255371691,0.907741810067512,125.877352866663,125.877302399604,2.28762126204898
P9,E6,3.37537266642179,0.967088931752937,136.20124822524,136.200882645856,2.24850241389765
P9,E7,3.18632800831092,0.877008329720792,112.117400941675,112.117770464387,1.98211916325499
P9,E8,3.45035817095004,0.969401293158522,121.031603266304,121.031700704214,2.21573031277845
P9,E9,3.49729550661911,0.954945372262792,130.431054507798,130.430865049838,2.15598188787992
P9,F10,3.45491727330643,1.02531230857429,135.261078448814,135.260741565874,2.39101284391808
P9,F1,3.35047609180897,0.896978343199071,140.085486082923,140.085001946426,2.0248299099771
P9,F2,3.26290460896355,0.946089341974614,122.450282391305,122.450336527412,2.18155959628656
P9,F3,3.37892203469925,0.948036538615245,118.669384580733,118.669554119744,2.13258686710036
P9,F4,3.26202746622832,0.894391846640426,121.501126523826,121.501209630657,2.02383392630261
P9,F5,3.43416162835063,0.962567794362198,126.707443027689,126.707367224104,2.17200239123984
P9,F6,3.47187876596563,0.991410579206704,113.302441699296,113.302775051461,2.24081002934785
P9,F7,3.23439747006849,0.884598315981477,128.00256340071,128.00244806666,2.01333371543642
P9,F8,2.94150319183975,0.921351260204366,111.410869532629,111.411260620529,2.36606027420075
P9,F9,3.01155221864878,0.822231522342877,113.037352013231,113.037693456627,1.86420105353771
P9,G10,3.25379660358491,0.912959794832061,114.352691091122,114.352992386924,2.07669523004773
P9,G1,3.25155275007618,0.9404350428634,129.086510633985,129.086362215026,2.23477055387486
P9,G2,3.22464690663963,0.899836882276021,118.687356762839,118.687525753292,2.07882493981979
P9,G3,3.36451037557269,0.904275360593891,129.71666026908,129.716492616304,2.0228167514861
P9,G4,3.35680987830408,0.928987284429687,126.998367725532,126.998283042163,2.0756144818052
P9,G5,3.27233899303436,0.889755614338097,129.727892882897,129.727724887271,2.02045393915194
P9,G6,3.38574538923262,0.960118365380082,130.01207801245,130.01190134275,2.21336750044428
P9,G7,3.27227779702958,0.92045979779823,115.384968300842,115.38523808884,2.07094183499189
P9,G8,1.28331584755332,0.325605349370145,50.9205483044459,50.9227857153786,0.676746934524012
P9,G9,3.56264264039394,1.00684689948571,133.797468868548,133.797176658806,2.29654273283539
P9,H10,3.11891040970759,0.910832631602398,109.026185619425,109.026649494124,2.1007047939456
P9,H1,3.41935219519299,0.96333474500034,132.653988782047,132.653731474312,2.18622164752887
P9,H2,3.15611758061606,0.898670238399448,116.426231601614,116.426469607529,2.08910264369487
P9,H3,3.2665865685847,0.917336540424623,129.887395999088,129.88722313501,2.10481587549563
P9,H4,3.23842620705008,0.903231135850554,132.529306768686,132.529053266572,2.08285125680178
P9,H5,2.18850675164502,0.764038488725488,73.7164640878322,73.7180057077113,2.08786296188725
P9,H6,3.14353160229888,0.909628320300213,117.805596578258,117.805792482341,2.10217757831533
P9,H7,3.02926846203365,0.91502313270166,105.409283970571,105.409858242581,2.13681449993145
P9,H8,3.56062317223608,1.00871352968823,126.454709216822,126.454641127335,2.26133365038499
P9,H9,3.33611542935307,0.91253812892869,139.098139328468,139.09768532838,2.08501275328684
