DNA_plate,DNA_well,pc1,pc2,pc3,pc4,pc5
P8,F12,1.22317758865407,0.88468744969649,0.809371275098417,0.30181812414806,4.90079148598622
P8,H5,1.20703809270398,2.70883101535368,-0.135644618639936,-0.715172912981649,5.52642770518629
P7,C12,1.3476033273018,3.82974238174559,0.0714110802396978,-1.09162411259341,5.30372733856975
P5,H5,1.77697017200052,3.60253968078902,-0.188220813618537,-0.962361142201265,5.65436842239971
P8,H10,1.79250070102749,2.87261876175003,0.329527836021165,-0.908962210532217,5.39322842402245
P7,G1,1.74848967634209,3.82283076631939,-0.392404570695939,-1.23360358193361,5.72203442267509
P8,E3,1.66626810479165,2.51579041308802,-0.285475392803977,-0.61424051045902,5.60506901604738
P7,A11,0.635235841913034,2.61034729065337,0.803407559511887,0.0154038166946089,5.30980074000274
P7,H9,1.78376068762577,2.59339889471838,-0.0125175743800587,-0.685980433657402,5.74046344849503
P7,F9,0.642540423718618,2.61972749204619,1.08325398872608,0.379885059262279,5.52846036510708
P8,F4,1.55891404736483,2.34821260638647,-0.376520009225326,-0.570460097510131,5.61999766029087
P8,D7,-0.0083647734857093,3.0133756796213,0.226411159032088,-0.213105946214034,5.28483080464824
P7,E3,0.696356438471698,2.93094083276961,1.20426226846127,-0.401000918909832,5.14227303403064
P8,H11,1.11646753089479,3.09617697122431,0.427081005073924,-0.66465471541391,5.18674495746855
P5,F9,1.6787833961821,3.6098026653153,0.164847721048493,-0.621122919519316,5.86277806774099
P8,D1,1.20928987860627,2.52731657959098,0.418442125362994,-0.257030510820182,5.4854242867413
P5,C10,1.96796788928483,2.46979317975625,-0.322843329254657,-0.663858438949606,6.0585354790058
P8,D8,1.288861283372,3.40194336879164,0.334914597736264,-0.546670455303657,5.86140051741994
P7,H4,1.46416118704431,2.41599517498537,0.252953187145873,-0.468392996808666,5.56211677995328
P7,H12,1.7784940729633,2.78633849236921,0.153998014131809,-0.691712468969926,5.50994596653166
P7,H10,1.62965837274633,2.04861283820608,0.063775439257912,-0.506315982155809,5.68204103238983
P8,C2,1.50224429166214,3.23730585903075,-0.0719313513310119,-0.894799654135385,5.74144016441321
P5,E7,1.62040648284711,3.12767088908509,0.108857190609456,-0.735980231545232,5.33136363390833
P8,D5,1.51185633935116,3.07947435772394,-0.124977025818284,-0.617457905515828,5.74421559618151
P7,G5,1.79859097842595,1.43457684951216,0.0424949974500935,-0.361463769858405,5.41675629719341
P8,A2,1.19949449455242,2.40536939163808,0.194043637777314,-0.471648316411762,5.5501374939324
P8,F10,1.10753228181149,3.27894763543946,0.276094756844517,-0.71243827294601,5.43902475217688
P7,F6,0.642209168108523,2.36913118150215,0.396883268649843,-0.456958094978568,5.04140049560549
P7,E11,1.76487530983939,2.6199417903801,-0.0849002521570689,-0.721664742135302,5.86795322324814
P7,B10,1.66099646960973,3.18262640573146,-0.142731244135598,-1.05882974531744,5.40343354524401
P8,C12,1.30043865262744,2.4808444458965,-0.083934092774249,-0.494867504926026,5.7338449167741
P5,A5,2.11584589548665,2.34643285137552,-0.505247719364569,-0.877637705625386,5.84261627612392
P5,G9,1.93687198256142,3.09117652568706,-0.0468738136476771,-0.914812067167304,5.82828782916468
P8,G9,1.67817312749348,2.48568982313139,-0.371160647671297,-0.791337696292521,5.85390081293789
P7,H5,1.38701080687898,3.2983434460597,-0.153662728291292,-0.572428112690625,5.85486990293061
P7,F3,0.530032838327338,3.34195489752169,0.406930377852464,-0.6072022478187,5.45877676928136
P7,F7,1.82369868993732,1.97105896380836,0.647939963536054,-0.67736966464368,5.23127653802408
P8,D4,1.29354431873383,2.70911613010002,1.09860393854267,-0.352569915520392,5.32489947710136
P8,B12,1.68309563496533,3.32025236737431,-0.334952704265438,-0.888869040643719,5.75621652574346
P8,F6,0.655224873150236,3.30327015534506,0.360613537134364,-0.308329243886765,5.65634512793719
P8,C8,1.7089873411056,2.8777606766767,0.0145024421012461,-0.869595797411583,5.63282169179119
P7,A12,1.947350503306,2.00117712811725,-0.0601648993649521,-0.605922511262075,5.7074348152042
P8,H8,1.36931002903643,3.22673872542559,-0.0311506242142093,-0.478915843494907,5.85961325176265
P7,C5,1.84232841076265,2.25946429522852,-0.550151249316618,-0.581583664296403,6.05822343042276
P8,H1,1.49125792533547,2.80675089882382,0.906213998568183,-0.542204036769341,5.53080695818738
P8,E9,1.21830931886268,4.32596169672936,0.0120574839875469,-1.14053720985655,5.32088554036995
P7,F2,1.85485348190797,2.84096308310198,-0.0133433517827245,-0.798511918886262,5.59691383352516
P7,B6,1.93762386631501,3.33189629894336,-0.602911755254011,-1.01863736599623,5.61819330854805
P8,B9,1.43506904050391,3.04545594763745,0.121472914068366,-0.676784540300757,5.86504179247285
P6,A6,2.41335701159698,1.41709571499923,-0.659200259685622,-0.532275578952523,5.66604823622529
P8,H3,0.771023366922073,2.32334507459094,-0.304267345269042,-0.19664079867306,5.53224501267783
P8,G6,1.30756420170357,2.76118231034445,0.624922275282005,-0.494300987881992,5.28526837653864
P7,C10,1.46903007249848,3.05629009108237,0.237409276586629,-0.57125196876151,5.63585808779086
P7,E1,0.758236538442524,2.34318991530827,1.42738987195543,0.578125659268241,5.47522060264473
P7,F4,1.01987388521567,3.66203030722543,0.383119232418748,-0.912323631984187,5.46390663381083
P8,A1,0.756511618417183,3.41252747319767,0.412328900679677,-0.820666809936782,5.38904078027084
P8,E2,1.62425502361573,2.3060935599351,-0.460071609650801,-0.68057828613558,5.66568071747071
P7,D2,1.81037033759259,1.78253971779798,-0.318238010451845,-0.577526613456799,5.71579155289762
P7,E2,1.58812539125009,2.18737189220622,0.143482393346924,-0.67591122604028,5.47023369310665
P7,H8,0.778527956985758,2.32952271770645,0.0628233495938419,-0.436098940912999,5.48324972737929
P7,H7,1.39316433015061,2.51922394081493,0.0546327283263016,-0.587849911159218,5.57516493006761
P8,F7,1.71916189934814,3.50570864703051,0.866293161964791,-1.02832856286955,5.31382400127298
P5,C4,1.89639739035645,2.84199405831729,0.184074380047146,-0.626993753736818,5.54228966712136
P7,B3,1.52439362638845,3.21274904775301,0.625623128369026,-0.712999324409736,5.67030512856064
P7,D8,1.36543594142577,1.32127664914536,-0.594138518770725,-0.19948592435554,5.67720737245872
P7,D1,0.798238240627277,2.903683726036,0.618114906577245,-0.501528329357421,5.25887891564303
P6,E7,0.853013841177798,2.20091455820319,0.709248067441841,-0.475097541465546,4.98928882580501
P4,A3,2.09782839056008,0.800744204896601,-0.485846690282778,0.030731999041516,5.7801978644177
P5,B5,1.39766786423172,0.972101607001363,-0.443971510173401,0.319036800659469,5.65600980920685
P7,A4,1.81231491674503,1.48880580198367,-0.0947153311856185,-0.274625938815645,5.93079118518448
P7,D6,1.93252316395198,2.18385171096949,-0.193801060837386,-0.654919464665073,5.75097951450559
P7,D9,1.71870360261947,1.8952905019867,-0.377255952199821,-0.512448642991963,5.79155879239883
P8,G12,1.75266214603979,2.0125150006134,-0.277552497245618,-0.387740782226321,5.90627586364984
P6,B5,2.09629161731945,2.6268526090015,-0.269158515007513,-0.82014346991799,5.96797689702104
P7,D3,1.91336505279532,2.32445909609219,-0.545722668004759,-0.659713401786574,5.85596649253457
P6,E8,1.77099106620385,1.64407271844096,0.0672389240514991,-0.587957535059931,5.52174907580946
P5,C8,1.79344356509586,2.45623977655081,0.30209140170747,-0.389942954706825,5.63787511737952
P4,E11,2.08868321237629,3.46617767375317,0.308525524009079,-1.00824144327816,5.85142945478222
P5,H3,1.79549136110891,3.51573059083055,0.0159782461180865,-0.762678323914477,5.65711926552074
P8,A6,1.49625195608405,3.58032934453899,0.108265530399459,-0.939182686868488,5.71547471863473
P4,E2,1.65413839023465,1.61749896350015,0.3937559051598,-0.181355290789268,5.35122181447988
P6,B4,1.01099398001705,2.18797492447115,0.347857387164421,-0.316440555734194,5.51067591835383
P5,D6,2.03090844237378,2.15546442413352,0.113840090933846,-0.72375293599161,5.42415655821217
P8,F8,1.78947108462687,2.27247552053642,0.076210103521921,-0.444354532051149,5.59875488850046
P6,D12,1.82229111416447,2.68974826852816,0.346036908047024,-0.516693212474659,5.83614510149648
P4,D12,2.00026354899313,2.3352827142266,0.537535494652179,-0.110055954263634,5.69622493501986
P5,C9,1.73863783646579,2.27643455613127,1.28511869909765,-0.276872839874286,5.11212220270884
P5,G10,1.76520860906776,3.36916182486346,-0.0265344934940266,-0.696774223951673,5.94340024015346
P7,C4,1.5604868260547,2.72235708309571,0.0439631579363035,-0.472535718923503,5.86126975588326
P4,E10,2.45612419189994,1.32233966359738,-0.556553530994638,-0.482130784822614,5.55934944112683
P8,B5,1.28189855112701,3.06024289925627,-0.243740891135705,-0.706373260555238,5.55355164115462
P4,E3,1.97881346168392,2.23457166291122,0.42363112239515,-0.4955984175561,5.9052865536796
P7,F12,1.64352088225087,2.58043815646377,0.307605848532569,-0.488692866672343,5.81335890780355
P8,C4,1.61933918854769,2.62478703979062,-0.0561287898334897,-0.454970970895225,5.92979346749362
P8,D2,1.58121272745384,2.84321360340256,-0.160822373167809,-0.541609334955538,6.00280143541598
P6,B1,1.90247080758083,3.10644927288025,0.045614697269596,-1.02142624963052,5.84210463937851
P8,G3,1.48168501382075,2.66089053070545,-0.139813151862949,-0.511106011443123,6.02098324789527
P7,F1,1.61980110670343,3.38073210635543,0.00872106277763655,-0.859312836133497,5.74287258607548
P5,E1,1.55514333449229,3.08527513558967,0.45251584780482,-0.53365538070618,5.59794663764573
P4,B1,1.67790240269473,3.45909622472275,0.954805741160134,-0.588828365073995,5.55723622630087
P6,E5,1.71691267594043,2.68349990277698,1.14028560368531,-0.682570337875908,5.3460329062367
P7,C9,1.42896789855152,3.15956182622697,0.196552584505518,-0.495100762167778,5.74758814638051
P4,G2,2.45069156905832,2.22444318360714,-0.69049112223726,-0.732630753056752,5.72167433742351
P7,H1,1.73710694947125,2.62817946426445,-0.525269212740157,-0.651726290487709,5.68867897997224
P8,A8,0.368861572883612,2.84991077311196,0.276014284494607,-0.31021429897666,5.49317476577579
P8,F11,1.85640018644289,1.31233068938915,0.405514206360246,-0.217694206337921,5.3141524211262
P8,G8,1.68617090454732,1.50528670512407,0.436052276796594,0.0272894954103982,5.31348748059047
P6,H8,1.69617013868353,3.46966896015407,0.48024341547193,-0.758511514710217,5.66322681320619
P4,F8,1.03285742707357,2.27635809274411,1.44301207411307,0.835216703559152,5.78946852995967
P7,F11,0.575482619867773,2.41529153319162,0.801114473447029,0.667521115748937,5.73857473002064
P7,B5,1.64382883648308,2.79361153558565,0.112658060856331,-0.634797060321721,5.83647528395065
P8,D11,1.53268214715684,3.56699866990351,0.0466418023757848,-0.803674421250503,6.00952747143909
P6,C8,2.40964931689779,1.77509189985033,-0.321315012871863,-0.690223649136285,5.91715696567434
P8,C9,1.70427894265759,2.27705064893578,-0.239971087498687,-0.298584409622097,5.86602568890719
P7,F8,1.39638083871709,3.11407262918292,0.208345170688469,-0.616813646122713,5.61796234770557
P4,A12,1.84575981914661,2.20468094126544,0.216320222891818,-0.430935704785558,5.9805824190727
P8,D12,1.54538026122968,2.67310182160576,0.0698402210915542,-0.524151827895377,5.84015127247099
P5,F8,1.48783144836173,2.94668417617306,0.395460986842975,-0.467935286686619,5.40868434490508
P7,A3,1.47453025431964,2.23972068772075,0.655901594621732,-0.211910283285474,5.08972613108946
P6,D6,1.36564756665043,1.71159672751808,-0.0527514703678466,-0.957966192689013,5.47461258426907
P5,C3,2.2805850945393,1.32308551298657,-0.313627671507043,-0.403667001418273,5.73983765477099
P7,B8,2.02432906222669,1.15810455849002,-0.310940495926519,-0.244940776176619,5.74076641571622
P7,H2,1.43506658726991,3.37302607344159,0.224825405507722,-0.633621232271582,5.91938730881935
P5,F7,1.63369438790695,3.88186996588997,-0.31680897047217,-1.0564866640066,5.45857880757818
P8,H9,1.96248899933109,3.21054994759375,-0.704872122854855,-1.03232039682025,5.71629405925513
P5,A3,2.055107343077,2.49960167059146,-0.36382682869818,-0.803214116622748,5.93177127836039
P6,B6,2.03171154308808,2.43288283665386,-0.32119932572223,-0.724487824111978,5.77508604102856
P8,C6,1.90845886912904,1.30463400371531,-0.770709302183577,-0.316862859372881,5.82382239827817
P8,E6,1.54391010054098,2.28440599485813,1.22865104368564,-0.772023661335513,4.86013638340171
P4,A6,1.8606559536796,3.07895625276439,0.0871471117652586,-0.785489899081878,5.60962406237679
P5,D5,1.59803882049955,2.78314278333907,0.333028728724001,-0.636853655987019,5.41995249342599
P5,A12,1.05110250305162,2.42903581906932,1.58242918205236,0.0856342574755299,4.72448550130981
P5,A11,1.20155986513629,3.22641535913583,0.668239532591339,-0.643953285237474,5.1098968268193
P8,B2,1.27096681929607,2.90278041693748,0.190629761471646,-0.46015752278275,5.80661833190174
P6,F2,1.74708853016528,3.20019938897822,-0.0121341458670673,-0.514042692276271,5.63083959828112
P8,C5,1.53130256831268,1.88341596159442,-0.308321557669047,0.0371761039699848,5.62501244171473
P8,A5,1.41589511159111,3.14267210549641,-0.0134291416584498,-0.805265455335731,5.4991252097215
P5,F4,2.00153090028535,2.19752112016221,-0.3474112289868,-0.47863698469956,5.72111832749441
P7,D12,1.62685541275013,2.67093873104604,0.0363097903016556,-0.378391542638969,5.66511306572428
P8,E11,0.476370918621216,3.13476434778987,-0.0427817965822384,0.00387067496343441,5.82761939690091
P7,H3,1.52528395469211,3.95746168971424,-0.189585904689882,-1.16167477976403,5.44205625516757
P5,B10,1.34689056827484,3.1215504487278,-0.0979732171750225,-0.728187740542062,5.53788301744715
P8,G5,1.40229464108515,3.06108131126294,0.315895325972991,-0.41668789511472,5.8346282988949
P7,E12,1.7015411252536,3.15217459783218,-0.00346166817956756,-0.907826672085875,5.72438312455692
P7,G12,1.51226700413934,3.11413336949345,0.123962492214247,-0.592426323269854,5.92325779787828
P5,B1,2.15211927601229,2.48304240230152,-0.243398700601242,-0.864922264213894,5.87332411027094
P7,E8,1.42066578580043,3.40822883439173,0.0767482431176074,-0.692812994965078,5.43069219654106
P8,A3,1.66505883972266,2.70765685259464,-0.399719077772888,-0.659395929912872,5.9458646378095
P7,D11,1.49066017307769,3.25779905968923,-0.156750744122472,-0.836511887503059,5.75536338258064
P5,H6,1.79279183531045,2.83102757067823,0.159205949323495,-0.50690424305597,5.75901589929181
P8,B11,1.37899114910924,2.68628615384702,0.724166812279151,-0.292291767090285,5.42462313427113
P8,E10,2.05933736646045,2.03572248223591,-1.0306162257878,-0.511916734290969,5.77886958144243
P8,A12,1.19916814733174,2.40391852508662,0.325711588198173,-0.00908312540686762,5.39361800662159
P8,G4,1.84106570042336,1.23180364770797,0.236595698189626,0.236228114796454,5.40565744042984
P7,B2,1.80837406753895,2.91004876964653,-0.192796273598582,-0.826933857253771,5.50955585098394
P7,C8,1.87996425410805,3.21084421297279,-0.389413526275702,-1.05868100961998,5.51195555113504
P7,D10,1.84832586385369,2.49470735739323,-0.302627791285489,-0.657087052863381,5.65537750848893
P8,H4,1.59673917781285,3.05199582565903,-0.444892169548456,-0.691835710882969,5.68955040799689
P5,G12,1.7221050246195,3.33905571558961,0.150685809278765,-0.677836067296811,5.92224596933285
P6,D10,1.90883828395705,1.87803679564058,0.16569593665961,-0.519943956507754,5.56215765332791
P4,D2,1.65009502836011,3.30262095561042,0.13571245398464,-0.33811761370812,5.93880895606097
P6,A12,1.15567648765045,2.64974616559893,0.475654405790666,-0.208056312929357,6.0758156231105
P5,C7,1.25592172669619,2.76656703504911,0.450239888712393,-0.441036758937667,5.30100829701878
P4,G5,2.19374616613981,2.8639531453395,0.337887897160769,-0.829423829124952,5.58824384607182
P4,F2,2.25182232397728,3.11753391973853,-0.0358085846575236,-0.896177512202985,5.72036935000918
P6,G5,1.88156529228464,3.03135226931372,0.0796204810533096,-0.948247914947641,5.80953292215888
P5,H7,1.15797505795486,3.44687132956074,0.6152102249962,-0.101332726081721,5.80702672370611
P6,A8,1.51903229480757,3.03713118501013,0.557831344526956,-0.695037816434197,5.70257184789932
P5,A6,1.37760004531399,3.00675749078179,0.538992426264224,-0.172367190111264,5.82662010984407
P3,A12,2.40276153548092,1.64076521105096,0.276380001722202,-0.651042994269391,5.69988450269038
P4,H12,1.53372834367326,3.29525671175634,0.294597979717155,-0.389248257785321,5.93713602969068
P3,A8,1.71726854901613,0.715921985996719,-0.43974941243104,0.010311635115642,6.02490988451864
P3,F5,2.29522883645298,2.24368829957434,-0.176218280194706,-0.788618025734182,5.96572713160287
P3,B7,2.04807618740501,2.98545067580143,0.144971602857708,-0.754015910983134,5.76153601606751
P5,D10,1.84429783405259,2.24371823927893,0.738599667763082,-0.526815975582849,5.39219442818084
P3,B2,1.24648980970801,2.51663555206248,-0.0386970446561152,-0.719382919987524,5.79057177505478
P6,H12,2.02975285930624,2.18054920810336,0.0650929909678046,-0.535293041531156,6.00075780172304
P5,H10,1.13257962641574,3.33027356224773,0.620781485289439,0.0123833678711889,5.99565755328644
P6,D8,1.77111275187697,2.74575297815873,-0.0132779675867808,-0.913998891268184,5.75948974590949
P4,B5,2.07836630167438,2.01007675360609,0.173177010770372,-0.596897613905851,5.57161742671151
P5,E6,2.38759930925098,0.720188931899001,-0.447038290374839,-0.306145872064139,5.95066539252303
P4,F10,1.11800841107592,4.76239669213112,-0.288763808214198,-0.495857664427377,5.44047128018502
P4,F7,1.74526395435338,3.13855768603821,0.149743510512258,-0.475553386594783,5.83788473171573
P6,C6,2.25715491727017,1.42124410501584,0.295526366645957,-0.550966677491625,5.65872013200162
P6,G8,2.38891476946459,1.11587652265665,1.82609557930927,-0.697564524853377,4.62406162068759
P5,F10,1.86123166945465,2.42144670834517,0.299930049620805,-0.409315320861068,5.78105212081148
P5,E2,1.79953111489526,2.75286206837352,-0.02474767221886,-0.443624921316934,5.87054477719604
P4,E7,1.82741764261684,3.21878029296947,0.241592284314354,-0.747965275702671,5.8084243685969
P3,G1,2.2315457503811,3.06252852095895,0.0912454706226469,-0.970084563532454,5.88330290841674
P3,A9,1.92247259037834,2.25539559727533,-0.359131574351067,-0.295982544277743,5.8753028158525
P5,D3,1.84982003659419,3.07818237829726,-0.0964679386635676,-0.827680196860016,5.76134368817981
P6,D2,1.79244544217779,2.74557876567679,0.294161012103969,-0.414219266332109,5.8056005490898
P3,C6,2.09657599525979,2.66819456011532,1.0505791901461,-0.691188917752023,5.67941360604665
P6,F6,1.16359518436433,2.5699977880838,-0.209196947425729,-0.386232160100274,5.74754746548294
P5,C11,1.82850996169331,2.52493636569986,0.284463374719898,-0.499146762943999,5.65109286691913
P3,F8,2.05361654011868,2.15942570384703,0.526774470175741,-0.372789747527157,5.92068793050853
P4,A11,1.59294606262101,2.47298509238746,0.0645434775989498,-0.292017348674312,5.94896488334198
P6,C12,1.61939190783177,3.24906130498369,0.463327903347005,-0.603973657765619,5.68836141074656
P3,F11,0.114600017754229,2.56236972739518,0.122187227263478,-0.327568600270207,6.00400633261372
P6,E1,2.128577357998,2.34044275456617,-0.190089803736372,-0.606026583323337,5.76935637509078
P8,E1,1.58940495522557,3.16333901214005,0.289894832023112,-0.851972555989189,5.59102959906399
P7,G7,1.37938662688768,2.69880618117149,-0.410787369181597,-0.492893659181114,5.89663919012583
P3,H8,1.92490265154888,2.57156959807935,0.210863632673521,-0.354277985765084,5.76787320343123
P8,F2,1.50632764569542,3.79263110639068,-0.163866612802801,-0.875421070459417,5.89332759580837
P7,E6,1.36875380426768,2.84934465377434,0.371819636745573,-0.321124323437284,5.62198099329756
P3,H10,2.05272412163239,3.1475508853919,-0.0116803404201029,-0.837194967447407,5.89713079762014
P4,G10,1.34572405825205,2.54765754743978,0.371012837374234,0.257640092079661,6.56066034933698
P6,D9,1.521078567517,2.33212550896566,0.28902010632971,-0.483627805600866,5.60914050330413
P10,F8,0.817973825365756,2.31745776915072,0.558746283727027,0.294340250363309,5.98839434545844
P9,C3,1.96451754159079,1.6855660499019,0.652737064696181,0.260352376391186,6.42588969715425
P10,C3,1.53530945029498,1.93651911323512,0.197332517549224,0.130805157665967,6.18257124293595
P9,D8,2.29631519147002,3.08710196562493,0.0365815630973798,-0.7220970299207,6.10811449587969
P10,E3,2.30967659808792,2.44323608859637,1.0328920374741,-0.80182044863377,5.58644897225666
P9,F1,2.19384862802718,2.79629779229821,0.325622476673563,-0.297053310814457,5.92496226905233
P10,G3,1.5890635939802,2.71386184653701,0.527764121402878,-0.0409844831322986,6.29565937487927
P9,A1,1.27772043561938,2.27129658653505,0.681334432500848,-0.586356426968482,5.69443295182608
P10,B2,2.16387896132178,2.39919301023027,0.536012824157657,-0.642306908367388,5.94143933056738
P9,D5,1.75286157096063,3.10267750822507,0.586860143477957,-0.563576788871262,5.99585420489895
P10,G5,1.65538563656199,2.81206199900797,0.179818160242416,-0.938674727138625,5.68790834955058
P9,B6,1.44236621270789,2.11786530617552,0.688401407341054,-0.503662873690837,5.96143184829269
P7,G3,0.943205259822017,3.57315342870983,0.412208758731833,-0.20322023850311,5.63900417160721
P7,B9,-0.992481672256348,2.54912861097009,0.120328644797544,0.121268577518444,6.10738620572494
P3,B4,0.916128875334372,3.28038076089436,0.189299817352048,-0.327598369146356,5.547270819807
P7,F5,0.0624677545856036,3.49042343209462,0.155801325582947,-0.173754954661,5.6993244853757
P7,B1,-0.0624040211771542,3.33465652675352,-0.0165062933944905,-0.291430039696666,5.48363511024908
P7,A6,0.661461813474559,3.66638217489278,-0.0970233450161434,-0.578719128427456,5.72634730728975
P3,A7,1.55511030059185,2.88756700927572,0.101403777464866,-0.384908450591991,5.9737419326481
P8,D10,1.0250258161981,2.9808987445908,-0.0860003561902507,-0.0456266688546605,5.79150814194696
P7,E5,0.914647330167643,3.18671786852882,-0.31814897754985,-0.466562194435218,5.72957636918046
P8,E4,0.664185986318694,3.49820677735765,-0.0419955197849234,-0.549669900485314,5.92697968636636
P8,H12,1.21570970179458,2.08183627394047,-0.157322580855666,-0.127158638939022,6.00813996201866
P4,C12,1.67814901581077,2.92730342580264,0.120440992127066,-0.504415239543259,5.84489073460778
P8,C10,0.874846277035834,2.94650389828304,0.269235831715159,-0.108722260369125,5.89705043607402
P7,D7,1.00795908035704,3.50930410605214,0.111801204849481,-0.456357436894613,5.95790978229936
P8,G2,0.567390762112573,3.15235240853504,0.125267982449922,-0.0972339341467195,6.06595540727522
P6,B3,1.18386492386281,2.60034780805086,0.127799202930678,-0.40979533927834,5.81837178692622
P4,G8,1.68893696172662,3.04046177500286,0.195985204980344,-0.781904570293159,6.02819174733065
P8,C3,0.180188168091621,3.22768545131654,0.182243412326283,-0.495198334467522,5.98100830531352
P7,F10,0.308712650494508,3.25908736583092,0.0330290893428203,-0.518243188877901,5.78065885604484
P3,A10,2.21258907010429,2.9140599541469,-0.0434946817003418,-0.816322772406723,5.75820202591897
P4,B2,-0.0527405124023592,2.62047187544866,0.197480037648807,-0.622526769775261,5.95703804171958
P5,D12,-0.27976426242623,2.3469542889976,0.541746496812548,-0.193866930920686,5.83377337380846
P6,C1,1.56887125676682,2.04721681142133,0.308378327761599,-0.438937182670091,5.72097546650039
P5,G5,1.53421446610903,3.55460217289028,-0.00464357708849822,-0.460192917309547,5.89088609420131
P3,F2,1.22242695625511,3.43003694554186,0.890572640734259,-0.207753958176166,6.11109973628153
P5,D9,1.10126201011295,2.23291505703134,-0.00910411818790785,0.222330573073133,5.96851233954721
P6,F4,0.578456889236481,2.8580259424189,0.275421153850156,-0.510084873708031,5.68776217753174
P8,B4,-0.0780140555448885,3.65212342018493,0.209441629719869,-0.255398258737753,5.90355438353209
P8,E7,1.39159547400666,2.86694542463016,0.581065339351186,-0.508816292415266,5.54180814147017
P6,F9,1.82947524517064,3.52572073076106,0.276917414993258,-1.02370423434581,5.75798719050973
P3,E5,0.459150200355361,2.76207047403778,0.55271659355522,-0.5212697387858,5.87896455290727
P6,A4,1.44720330007879,2.8717137791057,0.21769544340789,-0.641616150287802,5.95531340004109
P6,G2,0.802647756597473,3.18712925745089,0.302311072483049,-0.468621314359755,5.76836365879717
P5,E10,1.45905112021897,2.55664964465331,0.89204993818478,-0.426386332690033,5.46884202404366
P7,G11,-0.605183539949223,3.48914897330506,-0.0709381262047388,-0.507694875043842,5.50247342276322
P4,E1,1.74696634353285,3.07281201792112,0.333586430518335,-0.334538580384093,6.06942657047321
P7,E7,0.830745742791378,3.26295267199674,-0.0247391086111547,-0.352276173298674,5.90096740851026
P4,A7,1.81398100929873,3.39266945858207,0.20096912144287,-0.685167175770702,5.84254618831388
P5,E8,1.79683310618553,3.13374639164122,-0.0299511174769209,-0.591199456724406,5.80207083123644
P4,F5,1.14583510323997,2.3820690159661,0.382120265859764,-0.228658785604932,6.09840827853603
P4,H5,1.20231243647761,2.78900951422585,0.202374201222995,-0.589669338309638,6.10434752870233
P5,D4,1.37825759940462,2.57192023061691,-0.0743417465833361,-0.186212248043511,6.00522236744465
P7,B11,0.465301340027462,4.01189842291617,-0.197313322173358,-0.316830884188082,5.34987210656917
P3,A5,1.74111532122774,2.28857136552873,0.730296025865913,-0.317019654772171,5.60588366737031
P7,D4,-0.750153172874744,3.07559665008316,0.129529570679857,-0.521340141073176,5.91896695589117
P8,B3,1.02203219525826,3.41014158542779,-0.166184545498035,-0.291301182133411,5.90346980527514
P3,C8,1.5458524708459,2.49324954536025,-0.231149544771524,-0.366443074915706,5.85331007979928
P3,E4,1.99462819585854,3.03715979856487,0.811380757547281,-0.748263002964319,5.6693283261717
P6,D1,1.65586607263698,3.09732927286802,0.39548270760911,-0.643825290228014,5.90889434790003
P5,B11,1.45829039800981,3.23833723503449,0.0412839045662659,-0.357042521081692,5.74176432954223
P6,D7,1.44038803753896,3.36671862807801,0.182760906167695,-0.572893070906917,5.7462285365262
P8,B6,-0.00378888373644193,3.49307673551662,-0.150209859499882,-0.357790186683931,5.7089637781147
P7,A7,0.476697373129417,3.34312679539089,0.117066461136854,-0.0691154532688346,5.9273003179472
P8,C7,0.540107255007531,3.79527995020107,0.299761280065299,-0.0145555321633961,5.66346880010208
P4,F12,1.35792070654173,3.01374488906446,0.229785536775989,-0.20884197746591,5.87184656775076
P7,B12,1.2728409845936,3.40153899268709,0.106919788024959,-0.487953507268184,5.89734335175315
P4,G6,0.398575469998788,2.11711796370835,0.996499521536682,0.524110041558919,6.233214493811
P7,C1,1.49447695096722,2.08537438312725,-0.29976992593388,-0.249573768315187,6.08531613072335
P8,E5,1.13914204768773,2.89104874997269,-0.077660214246035,-0.386597805494991,6.09867784638167
P3,B10,1.79311044635934,2.54188260150689,-0.125153820137192,-0.419799454144898,6.08226613798126
P7,B4,1.5227681753264,3.47855484950506,-0.220140016725321,-0.705153602179646,5.86191766686355
P8,A4,1.26281413736264,3.33147890755375,0.182991863653356,-0.581734033819192,5.85632862543483
P3,G11,1.91385054180304,4.11996268933564,-0.2621725143397,-0.691060587622488,5.64204671646008
P6,A5,1.16125274636772,3.2036172949046,0.36621247953025,-0.489252722762793,5.91408538557788
P8,E8,-0.920914156695639,3.13916115023663,0.239934064624858,-0.761362219150292,5.82766866876274
P8,D9,1.16873871038364,3.5515623518899,-0.10745240021911,-0.375404582740402,5.94196137899934
P8,D3,0.949930267027315,3.54302158970354,0.0991317826475819,-0.452941936125208,5.87835666602643
P7,C7,0.504616709365417,3.0536067243532,0.018332902005431,-0.357580907893404,5.99441111981923
P7,G6,1.4691725482596,3.03877760423967,-0.00743883348717316,-0.561556984239073,6.03882221305295
P8,A9,0.934946760776132,3.06694379239496,0.00839397224519362,-0.499588275948022,5.8686563917255
P7,C2,-2.99149761622577,2.22415279582904,0.404899841054572,-0.56973990558635,5.95018709529016
P4,G1,0.712740887039776,2.90457095373933,0.0576155519024279,-0.534683054295504,5.77454974155118
P5,E9,1.53465037516414,3.45263586715415,0.180343331610261,-0.556508883259592,5.72402455136359
P7,A2,0.624190786802945,3.62856691778352,0.374014501171497,-0.515297469465227,5.88913298030934
P3,B12,2.02371499855084,3.13853771948895,0.441797242337137,-0.786151288872978,5.95580451352819
P8,H6,1.12587530420293,3.85711031763313,-0.246070318959615,-0.432633862975073,5.59055700276591
P3,C5,2.07984642129412,2.87610624210374,0.138796919189356,-0.662461651527675,6.11801579918708
P8,G7,1.4392385200989,3.81718479462737,-0.305626582000201,-0.607310337329624,5.70862456544918
P8,B10,1.1178084962812,2.70349326718363,0.0721922679459045,-0.0571099771748362,6.07667533603198
P7,A8,0.908962578536768,3.5068498332034,0.0989133152686498,-0.132195884211184,6.05203645233665
P6,C11,1.34766887508039,3.10397719844111,-0.0607853841376566,-0.222509386580406,5.92568247356685
P3,H3,1.02837460583803,3.47174870949112,-0.106185814971271,-0.154522059119115,5.35504990503326
P5,F6,1.77658985775142,3.41161047846617,0.454497927602872,-0.68685685928518,5.43342308105105
P4,G12,1.62229991977974,3.04252461219201,0.278701863233903,-0.451032879524344,5.97301881025534
P4,E4,0.922452615325383,3.21529580927049,0.409987109626687,-0.686286009088011,5.9344450119897
P4,A8,0.503456930919891,3.25264371886403,0.503671712409533,-0.0582101161927952,6.16621267891096
P3,C11,1.81199039852742,3.14837197718348,0.4306518453232,-0.531411996557749,6.05738324275652
P4,E12,0.587301649457137,3.25087001106401,0.0623238705145943,-0.473873047715418,5.75610133013115
P3,G9,1.47502124656638,3.20999598556264,0.353907278371674,-0.357452993540279,5.95865412672972
P3,F12,1.36724989481937,2.94246804927082,-0.494468932983769,-0.358069586935765,5.48457777930031
P3,G10,0.871197600312528,1.74697304553289,0.158363606624872,-0.0731502411065818,5.79703248140485
P4,B4,-0.353742513220213,2.75272500627076,0.481082887736759,-0.398277956348082,5.51490581102234
P3,F7,1.41492923013246,2.38468537808853,0.157235453259776,-0.326694744241789,5.94151986075905
P5,A2,1.53454975443049,1.99939467910582,0.392224046607653,-0.463694416470547,5.70112803829893
P4,G11,1.79671023324247,3.91724864000733,-0.362967240803449,-0.71690325588199,5.59967207452153
P4,H8,1.98983165457322,3.04208590046304,0.050397424790263,-0.70906468091798,5.90302187026647
P6,C2,1.67726698144607,2.75981562481031,0.537396979659411,-0.388665803156815,5.9383545457948
P3,C3,1.29074203782389,2.58494806042713,0.814809884050322,-0.261122020784658,5.98370552598386
P4,D5,1.89807998215879,3.55055240850206,0.596867022241025,-0.620274361361941,5.45615874889017
P3,G6,1.30694123632733,2.47656288342612,0.225492647998673,-0.0675526625212926,5.86409120993775
P3,E2,1.66453025560381,2.19134559086726,0.138238979805934,0.318963646222187,5.98416912374813
P3,G2,-0.241253265381807,1.83764713170599,1.19788092809944,-0.638596023285894,5.56199860192937
P4,C2,1.47761392155182,3.3912323731847,0.332218508820708,-0.569195666886879,5.83693746148592
P3,F1,1.66891205146824,2.81591100641223,-0.0138470760088844,-0.418677730583289,5.91633540403545
P6,H10,1.92929568481153,2.41084364414673,1.57583717362417,-0.710088266336468,4.93884139570598
P3,C10,1.39041650037696,2.89363427784481,0.0438241182931201,-0.548010300484753,5.88737379881783
P4,B12,1.63208859826673,3.2969023719807,0.148010444885793,-0.616968274783509,5.9666054382109
P8,H7,1.45814585876349,2.8259026251793,-0.0727806442817411,-0.41428536109388,6.10736805111763
P8,E12,0.416881398299911,3.50594132586686,0.434367847669479,-0.203212050740808,5.83867522918134
P7,E9,1.28006977065581,3.13909255054791,0.0575630419912336,-0.408064071064744,5.86497191520464
P8,F9,1.23682353858067,3.62225580291809,0.101899741632878,-0.631538178472323,5.85046843704434
P7,A1,1.0385173490717,3.55607297211144,0.113137015541111,-0.325528093817943,5.90964189973262
P5,F1,1.96259084647045,3.73018320584849,-0.160869236339084,-1.12964499569963,5.55819128329581
P7,G8,-1.00003958182976,3.24030076414087,0.0281866211082461,-0.516346621441553,5.81981461863415
P8,C11,-0.389820802643706,3.43938308610764,7.26375917973476e-05,-0.365772258675526,5.81165554192224
P4,C4,-0.452169832895557,2.60268568587523,0.358394415785944,-0.550103488840219,5.89606360343898
P7,C3,0.316190282260985,3.18129379393339,0.292180127390393,-0.0991309085753201,6.07284746400853
P8,A11,0.943080291109764,3.19072917483929,0.373881536866757,-0.226118934489976,5.90234923544085
P7,G10,0.149316999247823,3.13766832645071,0.455516320907121,-0.0358959398450394,6.13272378001886
P8,A7,-3.40991174411527,2.06609876330846,0.270037643051229,-0.658805781799836,5.87452987889655
P7,H6,0.616692839922239,3.22511395949403,0.046508091477049,-0.336746088402228,5.89557299251794
P8,B7,-1.94067509532415,2.95932874289751,0.0556418608912765,-0.885213970506313,5.82395491798997
P8,D6,-0.194888655534789,2.8696677289732,0.489827648726127,-0.322110239589948,5.92262421200988
P4,G3,0.298544959351575,2.79896953585562,0.276285306463403,-0.727219184691273,5.97366975540405
P5,A9,1.14094777612656,2.88569397521807,1.0637247605019,-0.0284387343244127,5.40118179776574
P7,E10,0.312685276729858,3.05339349557804,0.0472893621489153,-0.319463896593119,6.05474629170788
P8,B1,-0.483232713610274,3.04224837034108,0.0144062004163704,-0.450165127257034,5.81330189473906
P6,B10,0.837374264381004,2.43406335266542,1.01202394297293,-0.393656546302638,5.42821704083472
P7,E4,-1.4522296767418,2.80618998475797,0.336955849340283,-0.227583119286452,5.96095323090211
P4,H11,1.18402192060795,2.95583002381495,0.0838668306403505,-0.597709018045249,5.8605481767889
P4,C5,1.23648210128232,3.22432919720784,-0.091693450364778,-0.482542970834889,5.68160914152832
P4,D9,0.68958690209948,3.4815328451836,0.0216691012867623,-0.843466670560057,5.76250173323366
P7,G4,0.37579531613816,2.80861141696174,0.0525291947403736,-0.510786402424927,5.88543188260125
P5,E4,0.167229243268828,2.54324273948449,0.0733468911237052,-0.178158676142229,5.73521412681879
P6,C10,0.88954337142562,3.37147713360241,0.0872124686456252,0.0768415205307554,6.0022547233091
P4,E9,-0.590697093651203,2.46078261014552,0.115502607202603,-0.907914340266598,5.74369750437134
P5,G7,1.22395559466588,3.42928235522529,0.439278049833492,-0.381295818619316,5.62002703714942
P6,G7,1.63732598300755,2.81072351140332,0.172568357666193,-0.491557668618461,5.8038837839698
P4,A9,-0.355329647960806,1.71539147338609,-0.109027712454078,-0.454445532105846,5.77130773527932
P5,C6,-0.135565911679044,2.92983298022433,0.0710800808674754,-0.696493148453378,5.97794325071385
P8,A10,-0.201559602023175,3.30005936527344,0.213019985515862,-0.364174867324748,5.94424078357391
P4,H10,-0.81501641317837,2.31637652534495,0.308919955114675,-0.499810453324862,6.02460419392595
P7,G9,-0.164799138582863,3.11153427634314,-0.0162041759948334,-0.0426779895449448,5.95228488268982
P8,B8,-0.866733009496616,3.09760340057941,0.106454078834187,-0.604855089447549,5.93003628430118
P5,G8,0.993039192440994,3.30968669625391,0.221851606351404,-0.564255532115732,5.68756313912091
P6,D3,1.85152117479863,2.30387426715472,0.183114003120176,-0.523153206894626,5.92246929911979
P5,D8,0.811353992398178,3.28288767369733,0.343231038971199,-0.158473475477214,5.92086291624764
P6,E12,0.48176639946962,3.1861015470778,0.234231576130359,0.114557526112012,6.00233992280794
P6,G3,1.85339452031697,3.35167989538478,0.00760551316637878,-0.735909480914467,5.78131597414172
P6,G9,0.574534769092448,2.98760114152959,-0.00476634257609844,-0.235187356750189,5.85287008750445
P6,E4,1.70974684653441,2.41911191157843,-0.184680851997615,-0.67114043809467,5.94785332807813
P4,A4,-0.117146926729961,3.12296006607645,0.0486212160009731,-0.396871974635165,5.81135329595788
P6,E11,0.929806637153084,2.982898914951,0.337733681275718,-0.434563451616291,5.85313872208706
P6,F12,0.00209886298633999,2.92812065873067,0.334025352242605,-0.400727538890537,5.95767471211902
P5,B6,1.7937406081328,1.55529344376665,-0.113830821934421,-0.14043864127598,6.01787121374115
P5,H11,1.8252838912429,2.42245779179935,-0.384740129227715,-0.6207544924038,5.8975562235577
P6,A7,0.0986371900599864,3.32936458834179,-0.0171374862123014,-0.166701122222606,5.72403018952866
P4,A2,0.787634667660594,2.40609064353956,-0.0540541842896588,-0.117065685950431,5.56990968257812
P5,H9,-1.22100728964037,2.63755943270305,0.421626223174206,-0.399360621834675,6.03489872773248
P6,B12,0.725490803368142,3.09975146550454,0.250450662183483,-0.183036883765034,5.90547317529313
P5,E12,0.95500784678286,3.49402001769995,0.0378269917850425,-0.626596147402387,5.94995434015947
P1,D2,-0.0567023641919107,2.41897010737907,0.327946937739726,-0.481039833076749,6.0526954537622
P3,B3,-1.01303614112383,2.63750545020786,0.137625957031843,-1.12860952438231,5.95466639886391
P1,H5,0.530677390946858,2.50465017625306,0.110668491747483,-0.528714868374447,5.9008690340447
P5,H2,-1.13535887500519,2.7511993430978,0.21055602852099,-0.651705574291741,5.89069141150037
P1,E11,1.12497753939275,2.93840238542281,0.0171701391339411,-0.359771902153038,5.87624157373824
P6,F3,0.161006533393389,3.02058725548571,-0.00905594335815786,-0.860997672627744,5.8450222039107
P1,C10,1.49734138331793,2.99144092300443,-0.113222434017083,-0.05614435807867,5.60801918016309
P1,D8,-2.12739302846687,1.64681896690906,0.388360009219745,-1.09216861968916,5.94897453736292
P6,A11,0.17034876396229,2.8431414572639,0.290230203039904,-0.682697388511424,6.04491735554646
P1,F11,0.487629144977531,2.49258964776345,0.318161363645501,-0.446578375445019,5.95767564221331
P6,C9,0.20290474583518,2.18358732637963,-0.320597147807052,-0.0895260483030074,5.59644036464842
P3,C4,0.449912903678968,2.49368391346418,-0.174264648625145,-0.405731494826866,5.8589569811919
P2,A7,1.75988666415285,3.56636259646702,-0.0280289270728418,-0.511969141215306,5.75242594709876
P1,A4,-0.774771485389667,2.0243348928613,0.165213621183358,-0.292580454468826,5.48977309872993
P1,A10,-0.493049812510257,1.8118781557294,0.0051953974892371,-0.517485527044337,5.61216297549612
P2,H8,0.786923839648881,2.91106492276728,0.210356433782182,0.195570204282252,5.80330779176715
P5,A8,-0.135623757823882,2.27390825222308,-0.121047227833922,-0.586705444908643,5.94851368939698
P2,F3,-0.110213800631195,2.01371413154087,0.204419422032439,-0.743608803016499,5.88467805922189
P1,H11,1.35221693441291,2.93846092906933,-0.163144963496358,-0.501878156141206,5.83507038177342
P1,A7,0.211745915277118,2.50421275482218,0.741228332645972,-0.292359953724653,6.10232521589401
P3,A1,0.587032866845181,3.40832401318087,0.131953912072532,-0.26544590566325,5.50290705064684
P1,G9,0.523036501300889,3.26800243125378,0.473814360101859,0.105821434231804,5.95363934522006
P2,E10,2.03457202836972,3.31393313070401,0.557161301490743,-0.615439988676855,5.9879233775969
P2,F7,0.949356092515274,2.08475438792613,-0.51097895727572,-0.553486011851631,5.73400393417254
P1,B5,-0.997004769958493,2.32860019770569,0.0657560843798913,-0.886586158548057,5.66926712220118
P2,E9,0.483194295723764,2.83251856294322,0.00458838705510943,-0.0561275983553903,5.62021654953724
P2,H4,1.45880738560394,3.29276552525831,0.263069840459971,-0.218039547293353,5.78683062231352
P1,F12,1.13196272656311,2.87045210118485,0.04763979922812,-0.355081648990509,5.68237632464607
P2,E5,0.862599698073788,2.48999417195856,0.106923724511946,-0.246982371205433,5.43230191882044
P1,B10,0.197150111065049,1.70532166194324,0.325956894725817,-0.437218179472256,5.9835973369498
P2,G3,1.3710385659186,2.21988430343096,-0.330261118840357,0.253559397895476,5.78114529763883
P1,E12,-0.474924540837728,2.5203037990273,-0.00966570531960359,-0.489189529220668,5.5232722724486
P3,D11,0.339505019627913,2.77612852689791,0.281305236025931,-0.294422116629633,5.88272639234049
P2,G7,-0.967238676637129,2.61932405185367,0.925813310239624,-1.23247032990638,6.04618818467413
P1,G4,1.30689486351701,3.71986042607571,0.381098264576909,-0.0254133772184613,5.75184242561444
P3,B1,0.377328099174342,2.55309853888804,0.147943525534604,-0.497064204400702,5.87468204846003
P3,G5,0.444012724325853,2.74316399872634,0.0424532253048292,-0.279236567359698,5.68759859657147
P1,H4,0.855224900671169,2.84263679562701,0.609870861143924,-0.583612738813599,6.08592058623894
P2,A4,-0.80225652872786,2.59895013997985,0.426166129654912,-0.680335138801756,5.67599539715325
P1,C9,-1.78408122401131,1.59430224798553,0.349050083788673,-1.01432531505649,5.84922133205402
P1,C6,0.352548319784576,2.1031039918065,0.0102118927828877,-0.340617721563976,5.52376358939755
P1,D11,0.522584786244139,3.17786873788591,-0.272072579761454,-0.716170585892612,5.28669376223141
P3,B8,1.51046414558629,2.68129723341226,-0.00272259749449515,-0.399737009549015,5.74737533053799
P1,C2,2.05090355604564,3.05679324909509,-0.368381753097175,-0.823248721371436,5.80489103872784
P6,H9,-1.23012298280274,2.06255606817792,0.139085636936961,-1.19119040784196,5.90016959542276
P3,D7,0.743401918313716,2.41494149092027,0.0424330231923089,-0.453175630507419,5.86361710466316
P2,B4,1.18555155907336,3.16752148434313,0.00569690263526902,-0.347463583697257,5.79401782173491
P1,E5,-1.24433235047963,2.11866400235169,0.312832354161057,-1.11392329281377,5.83248643178121
P2,G9,1.61308365192303,1.61319540454828,-0.666978643954505,-0.140950228803651,5.45459986729727
P2,A2,1.19784348790538,2.48867297095765,-0.219786869765473,-0.0931518090611788,5.58482715597878
P2,F6,0.677086307567837,2.91732564216115,0.14427014814862,-0.484121289792917,5.57658309671137
P2,C11,1.22730292072737,2.23657238871235,-0.0243408974975996,0.372376626240506,5.36396607152725
P3,C1,-1.50360579657928,2.23882947525616,0.528794590472463,-0.81258540062334,5.95010128501725
P1,D7,1.94321040691926,3.52921105764902,0.00509844622658555,-0.1701330937883,5.8443979223714
P2,B1,2.52109271089477,3.11449916903638,0.140281602699276,-0.634044262064368,6.00254875163035
P2,G4,0.654048015436386,3.21695110977518,0.357712377648367,-0.553239222191896,5.87543997319736
P1,G10,-0.154582177531044,2.44345063407447,0.0755114083599264,-0.788186177905519,5.86770310091558
P2,C1,0.620219163862228,2.84184382081657,0.131857834198833,-0.912934591636972,5.92878288839163
P6,H6,0.743077212235109,3.02295955481067,0.0122016679203044,-0.388358093008057,6.01016011144933
P3,E7,0.313996358710748,2.63891146160478,0.107853698613592,-0.480360412554803,5.70937768305986
P1,C12,1.54127179888824,2.37900130875542,-0.233187306774762,-0.178751661803589,5.90642147777964
P2,A6,1.2539913951737,2.59827191192814,-0.24579096197913,-0.295800431009085,5.67336770925485
P1,G5,1.27750532774856,2.71008234549735,0.418975258412778,-0.130833344435653,6.05254676702647
P1,H3,1.28497511960849,3.00667598304506,-0.0945278461652683,-0.638916161822244,5.75207345457313
P2,G1,1.2873530138462,3.47812736022783,0.295799078805256,-0.475442856904548,5.82209579280786
P2,C6,-0.369467413802471,2.742909786653,0.47416362156197,-0.788749847191417,5.72690128525007
P2,C5,0.471520979174811,2.76114256262857,0.197820774713112,-0.514758244599114,5.68141121590614
P1,A6,1.73110933970807,3.12782411672437,-0.122250129323194,0.066930532930996,5.72542587440696
P2,H7,-0.220400398966949,2.47211208376038,0.248860473623315,-0.849152402405558,5.84212241091328
P1,F3,0.980262398492356,3.18949722271994,-0.0127119337294226,-0.714430781595678,5.80299199217037
P5,B7,0.468142265428862,2.53493062358069,-0.170944964916834,-0.469881338651497,5.77283422064706
P3,A3,-0.307307009672179,2.82232765850432,-0.429339010955073,-0.69949196171894,5.43751434230537
P1,E1,-0.184449858961734,2.50965507770629,0.204525548426848,-0.99607287755079,5.85165434522136
P1,B8,0.126792379311438,2.80681133034022,0.570687627451718,-0.153537569442875,5.78038617372697
P1,E2,0.475921522296045,2.52419946618296,0.49524204522339,-0.246949357652709,6.01374197861213
P1,D9,2.62221560813609,2.93968901486599,-0.136950016467869,-0.884181870073052,5.81374116793426
P1,B12,1.26476147057375,2.53785843562692,0.602036214899864,-0.430194242788981,5.94989882660014
P5,F12,0.687271552676066,3.32490558497226,0.0723928883335651,-0.764605740075455,5.83960050488036
P2,E8,1.02966696750052,3.69538616448091,0.204648752626753,-0.346381031474025,5.71951193137737
P6,C3,-0.424273110638923,2.88051833240282,-0.00534818251595323,-0.583992735151387,5.68338236121994
P3,A2,0.732772197557819,2.6163781257825,0.303293366249305,-0.257561403015393,6.02945094191513
P2,C7,2.28738172076502,3.40367875272648,-0.0853821313322312,-0.526238814809063,5.79558823994049
P1,H6,1.06363953330582,2.44061067171678,-0.498426551004478,0.0756432794282963,5.42346471899055
P6,A10,0.805395959043554,3.45194271418594,-0.335925293088051,-0.309782820504354,5.53060321551427
P1,D5,1.97263937322292,2.99144496925829,0.0788955126603349,-1.1335769952156,6.06846161794595
P6,E9,-0.77357420117931,2.84642789742833,0.183815240720138,-0.659463512978844,5.96280239671039
P2,B6,1.47876741553249,1.66279721175622,-0.382507507847417,-0.297799893317324,5.90271501863413
P2,F9,2.10276392303609,2.7320092151643,0.161525779061375,-0.725832687700999,5.85357818310051
P2,E11,1.43924122692647,1.47807177915567,-1.18210095840049,-0.00350532241449852,5.23962933280504
P2,C12,1.82242444981019,2.62358364200669,0.154891160125509,-0.482982217658677,6.02299410232875
P6,C7,-0.688965186013972,2.59179606666655,0.083304755880543,-0.534091847220036,5.87448915418663
P1,F7,0.279539454553116,2.16746566943295,0.503246501456893,-0.382082847300294,5.87803719939341
P2,B10,-1.31242683687283,2.39630253160691,-0.0733811128470483,-0.827569976234389,5.6321260185356
P2,F12,0.664870136765851,2.69302931567252,-0.31326982584458,-0.552457180180565,5.50932174825691
P5,D1,-0.293492580052907,2.6031971628558,-0.0396250279050018,-0.694854034072633,5.88314441558562
P1,D12,0.380601434969208,2.96527897284477,0.221739258576163,-0.912423337977076,5.56137333324954
P1,B7,0.521158533872782,2.52738844076771,-0.105317452511987,-0.729117501046041,5.82035657946634
P2,A5,1.1181182642307,1.95954193454528,-0.12856768635152,0.0549836485753877,5.95553716860372
P1,D6,0.657520249056578,1.82766180539822,-0.0837132473393637,-0.607679030922657,5.92150070565749
P1,F5,1.65166497745651,2.54715484402063,-0.180319964269722,-0.713161191228927,5.75777301083578
P2,B9,2.23451288499227,2.41761971095779,-1.01357166584318,-0.0160488569366973,5.35029964519502
P2,A10,-0.369448411250998,2.38249282226728,-0.113869717595787,-0.441048547980513,5.42913842018766
P2,C3,2.03188769191514,3.76577544197544,0.59765397159717,-0.842800541923753,5.92190480163748
P1,H1,0.0357136500615318,2.57083426849699,0.633010863776686,-0.523364611035155,5.97296178574471
P2,F2,1.31064363994148,2.4757201577338,0.272440953856742,-0.375811702423983,5.8967302030816
P1,D10,1.94554874407323,2.94703791532136,0.378416474374807,-0.786587696952962,5.96931374141789
P1,F9,0.905663144610914,2.52913409923467,0.335848641040564,-0.643695422747084,6.06726935798916
P5,F11,0.740724798547394,3.31482541701736,0.157270345505288,-0.500550775241279,5.98099251045849
P9,C7,1.20154482651353,3.27470875540807,-0.304841143030003,-0.383536535167231,5.6872897833889
P10,B5,-1.50742287635771,1.53476715543284,0.858027574520779,-0.458153950634832,6.1456859898573
P9,B3,-0.396222769778271,2.83367914178407,-0.612853014340951,-0.874423465431157,5.22171529285512
P10,H9,0.221841190946684,2.86519855300778,0.0127453530328358,-0.711230260258834,5.62989187200567
P10,H10,0.14578846621653,2.68821803237659,0.0518333630580467,-0.500455712115269,5.6507212256739
P10,E7,0.811363421073188,3.42219785756993,-0.25353477471973,-0.628115422768922,5.60904905090267
P9,A6,0.75756858722271,3.42050016676583,0.0683478607874577,0.0254117868214821,5.41297255154975
P9,H8,0.260485968199571,2.6183627204649,0.946324169292329,-0.229433666576986,5.85903031258239
P10,E9,-0.0635396827371602,2.71551997140067,0.0539952244633306,-0.69532179787519,5.66557229541716
P9,D2,-0.302147151984753,2.33606946392707,0.445451019747033,-0.453448984107745,6.07236930655909
P10,G10,0.489650081616912,2.83115035331231,-0.0188857141478294,-0.304621841754687,5.67355041733645
P9,B10,0.391127952722818,2.96245798806311,-0.0817392519997935,-0.468325282189264,5.64537062851041
P10,B10,-1.57718212510341,1.72871039739932,0.339005305717756,-1.07565383412764,5.81102052782116
P9,G6,-0.805744025860899,2.02983718949728,0.385639868484652,-0.489425103357517,5.75450846101249
P10,H4,-0.347642581653056,2.31266457971647,0.179818950398142,-0.704061232206438,5.735458751533
P9,G4,1.44735017399339,2.64829018425763,0.362233508056899,-0.247125922128178,6.03754867422239
P10,C4,0.262675079457752,2.84735481561038,-0.118931696589999,-0.31659308651304,5.59294968573412
P9,D1,1.57709273326582,3.69777661956213,0.104576311899592,-0.303866460097393,5.88910582740219
P10,E5,0.312966166817563,2.39580016828416,0.446974660647826,-0.70656861709428,6.03674707324137
P9,D6,0.585240767090586,2.40347275968371,0.261978891692914,-0.858287922006723,6.03051215699951
P10,B4,1.12905773662103,2.2833674957896,0.0454706883884057,-0.736611855916723,5.90768787221414
P10,F6,0.913319441112998,3.46948648578352,-0.622177616823476,-0.448204804575453,5.09920417493281
P9,C5,-0.215878409049985,2.93080390826465,-0.166553331642685,-0.885810376063207,5.66114696788168
P10,D2,-1.97262963643068,1.36893736871691,0.712204842640358,-1.17059816559722,6.02034542660058
P9,B9,-0.572808518746996,2.53605444113773,0.265909183463151,-0.990700050523513,5.8599016361853
P1,G1,-0.378560017638539,3.35590597725958,-0.00528076187516563,-0.893024000255059,5.43464088499859
P5,E11,0.224790486720353,3.543349497314,0.295264433830303,0.0383284944666417,6.07214755312109
P1,E10,1.7119779812157,4.57045176256732,-0.168767341386679,-0.425167660846566,5.37137671812681
P6,B9,-0.388152435281797,3.19211760951681,-0.259373551920988,-0.707025754936619,5.42442761628871
P1,C4,2.06242763301071,4.48422578827189,-0.125731645949335,-0.396840670355786,5.51746694092985
P1,E3,1.25246056934658,4.13198745274563,-0.028976541461873,-0.517299898511821,5.22347763636604
P2,C2,0.612533109106713,3.24284346981731,0.419742531919871,-0.335257277160798,6.00427658053047
P2,F11,1.09593729347337,3.51273782430783,-0.214812115638688,-0.0525384896162198,5.00735500091659
P4,H6,0.97059010605451,3.50894522804406,-0.0943873105035147,0.0393488381808858,5.67241257557028
P4,H7,1.63000899016169,2.99747525964456,-0.0955277418919369,-0.434204813378334,5.867651221685
P3,D1,0.674812166603728,2.9904158985455,-0.0443501787489956,-0.151196428046618,5.59002443111463
P3,E8,0.474783901380837,3.50760731605957,0.076955385950347,-0.707438517031471,5.62520975220965
P4,A10,-1.24164536703221,2.54362020278779,0.144678079492789,-1.01035117691423,5.73337464146867
P1,F2,0.798889446014464,2.19416825638771,-0.268107640628476,-0.221876742496954,5.68730206549403
P1,B2,0.941057283574571,3.48567523815872,0.171871977182838,-0.740334378822525,5.67956781847117
P2,C10,1.64928518695068,3.79024857897636,0.159312597085503,-0.269209455794808,5.68106231408109
P1,A3,0.0303817452621713,2.62691885373544,0.549514180712918,-0.80656580979894,6.01858367019812
P2,A3,-0.802125233195157,2.03385915833071,0.239187178398793,-0.74036783393702,5.80007900090541
P1,B1,1.61469858005391,3.52126442563254,0.228311825071286,-0.142350322808016,5.77714475018559
P1,H7,1.26183077761849,3.13790931070106,-0.145520083348586,-0.236065118813455,5.37354092304811
P2,E6,1.98905252697827,2.694532056828,-0.0228144534258251,0.425993452525939,5.85611342874666
P2,E12,0.641420052562903,2.70428089319967,0.183092484932278,-0.59068728774979,5.98982949780979
P2,E2,1.17506537149095,3.42047621402431,0.288760703272572,-0.561376630143423,5.93939341627188
P2,H1,0.0653539510470401,3.28561931430089,0.353793076440073,-0.949983104882958,5.85014551496062
P4,H4,-0.895168952355752,2.37641333467855,-0.0874040837776811,-0.939981139804486,5.70985367395914
P1,H9,1.15086620661473,3.03699321672132,0.127879526056448,-0.416512630470151,5.84883034978649
P4,F3,0.152563075594227,2.48198703120937,-0.274595632108019,-0.454064875841177,5.442147287456
P1,A1,0.466622802862672,2.91396227639545,0.552232351804852,-0.214350851633816,5.62266347774293
P2,F5,1.02166614516866,2.97838009544651,-0.000543615550705451,-0.831651203689935,5.82997974288196
P1,C5,1.83823011407472,3.3186714346341,-0.277271192602292,-0.57936350864977,5.55633875296151
P3,H5,1.31586671722202,2.68268440630723,-0.204413680833847,-0.728069205655418,5.67228419331149
P2,G6,2.16237739414649,2.357676403132,0.125883298930122,-0.527220129467586,5.81631085861911
P2,B11,1.24401532015166,2.21501152386062,-0.0726563490136633,0.21914325622364,5.28417037941588
P3,F9,-1.37123454610426,2.43858003190227,0.0450143535883538,-0.839289791754979,5.65330391370464
P4,B9,0.277987509894283,3.53508275035569,0.205898839890683,0.0531448859404446,5.76783579455882
P1,A9,1.84871412970588,3.19458823649395,0.26874362228139,0.323899787643992,6.07687798505843
P2,A12,1.2533232843475,2.8834674544935,-0.0615176488299633,-0.37218987208289,5.48466218162375
P4,A1,0.266598420208675,2.34137017338851,-0.0520055545748747,-0.457526886731764,5.6183117007652
P3,B9,-0.484953656176368,3.06830242701574,-0.130372763247318,-0.514521473801996,4.97652689119281
P1,B11,1.18174469011401,3.3035931008933,0.873547965449593,-0.653655318009917,6.020446626076
P1,D4,2.01940584653748,3.98363680808122,-0.0187936893332483,-0.580384098992439,5.41030447241394
P3,A4,1.15716950264367,3.26526337940803,0.314442484147796,-0.2980839367266,5.82924478589214
P3,F6,-0.180714005316864,3.44922496950892,-0.112321252122166,-0.298897179912152,5.45290365036569
P2,C8,-0.0150982468650085,3.62790117384024,0.39352759436061,-0.786441414626088,5.65697235660482
P2,G2,-0.819036885390724,3.38555774548859,0.274959254356853,-0.444073028539135,5.31267754499488
P1,G8,0.625459932627237,3.07001489696372,-0.252342099995725,-0.47452595260135,5.48687886845707
P1,E9,0.081214772267566,3.34764254032697,0.842647275927634,0.0354069327087839,5.60949325856157
P2,A11,1.52815139042218,4.52141433749454,0.502981831557696,-0.195458398999507,5.8384484331729
P1,A12,1.7886282392063,3.2433477777694,0.0383710353543357,-0.329022155645644,5.83317073418589
P1,G12,1.60968460902976,3.33523887898959,-0.17028488396251,-0.10617072801279,5.60272236147899
P1,A5,1.88396607187112,3.77799873368146,-0.055442246096435,-0.39187966220756,5.6723472924008
P3,C9,1.06782133015613,2.84268826939622,-0.118199195171057,-0.557132492596588,5.80833689928624
P4,D8,0.52227437184512,3.52692976487423,-0.0273361496530268,-0.497436425293246,5.56678214890571
P2,E7,1.73876096444177,4.71796070636414,0.267491884796819,-0.462204042829616,5.5674513958287
P1,B9,0.577330163632301,3.70032195540465,0.203321412564568,-0.545149597382743,5.3125644168551
P3,H4,-0.572163223820947,2.82120727802177,0.220988032046663,-0.787819855956729,5.45816731141806
P2,H5,0.085165527113348,3.59272822778155,0.484896168020736,-0.442750182948311,5.48007378008128
P2,G5,0.778688084596797,2.83862721795141,0.326788406387449,-0.688301116219671,6.0806302977367
P3,E1,1.43341844169699,4.27049628333536,-0.508019485428869,0.157155249394853,5.2995281604433
P2,G10,1.18766303132385,3.6064141767082,0.363769580494722,-0.594517794862535,5.93291603666559
P2,H2,0.552092798475684,3.40880489878509,0.498946776216391,-0.678738044447104,5.99263017993638
P4,D11,-0.779561170901427,2.72697063868588,0.296044165238042,-0.606417846169463,5.74149560852167
P4,H2,0.103693435380975,3.16251280397035,0.108869523944225,-0.676152069794748,5.69826948594481
P1,C3,1.55995923509146,3.99208236606281,0.310810934747814,-0.152503371748902,5.78519894199039
P2,B12,1.11422319789359,3.2640610161944,0.343895519748405,-0.52660059859207,6.12683351043133
P1,C7,1.52866866385558,3.93379761715405,0.347328105170412,-0.72430259072332,5.9137482528118
P1,E6,0.994048075008306,3.26834295898561,0.0276717419618792,-0.737393731128276,5.79086937901585
P3,A11,0.828488074552446,3.80798433721552,0.0170068138516346,0.0282557805526603,5.64822923178321
P2,G8,0.701624640238723,3.60523836114936,-0.0489732652895506,-0.70113915165472,5.55397281221384
P1,B3,0.652866130495826,2.62689273472849,0.240346622863568,-0.492849510628402,6.00317883399106
P2,H6,1.93870000418527,4.02129409917546,0.26899932902206,-0.65610974210116,5.71311422308332
P3,H2,0.00591092296704099,3.42342282213036,0.204603979195135,-0.763203553627087,5.72515476829511
P5,F5,0.68219967868362,3.63616076769057,0.0788675170928976,-0.0121055438956728,5.64583186250113
P6,F5,1.14671470705165,3.50022068300725,-0.277854695735603,-0.214705121512084,5.5134365441688
P5,G3,-0.0985541254155327,3.19620735585467,-0.236420407902377,-0.570053445252088,5.37934165132481
P4,H9,1.32232796433658,2.8912622323664,-0.608642906740039,-0.156994226195038,5.32351574805662
P6,F1,1.40814046645165,3.84860675124763,-0.496051335209124,-0.460592430435892,5.49351192914367
P6,F11,1.70532409099358,3.52709054202088,-0.338367285230542,-0.762952017494136,5.6457447288753
P6,B8,-0.060077392976235,3.23035491023304,-0.064917574876341,-0.786350034481372,5.6541326837562
P5,G11,-1.94407014958307,2.27537616421724,0.324242382466259,-0.882699262016585,5.76008025305116
P4,C9,-0.757489834189309,2.62239145052448,0.316746683486128,-0.93901450369068,5.77021686299887
P4,G9,0.282335386044764,2.83098456036306,-0.0341127038776902,-0.674251868333719,5.52307374173679
P4,C1,0.793793893998636,3.43304102942347,0.0982225258696122,-0.378056585988099,5.71894710755565
P3,G8,1.56007448632484,3.4967178743597,-0.255597879949163,-0.143826097923307,5.63066845538632
P6,C5,1.63489486052699,2.88719195163004,-0.398643196375611,0.0915281965945985,5.63819707168477
P8,G11,-0.483527612167361,3.16873710360208,0.0732590600541986,-0.0527158682503999,6.02447618313626
P7,H11,0.233127566904215,3.8665747618271,-0.122110357639198,-0.43203622780835,5.66956955655252
P3,E9,0.389511721187878,3.18707036260448,-0.151231311962806,-0.901891946561908,5.71945764772408
P4,B8,-0.95198855509401,2.25113889741707,-0.184822660818468,-0.847168753436162,5.3734920290986
P4,C3,1.59127999765411,2.8581607344444,-0.67143449986135,-0.155292176832771,5.37022111879308
P3,G7,0.409657706795716,2.68511098456023,-0.179981105238944,-0.518605056330494,5.35966915139391
P6,E10,1.49389669952869,2.40602509925468,-0.0920524232588944,-0.596644767923374,5.9497360132398
P5,C1,0.563128157909272,2.69431401766778,-0.0414055252808918,-0.239781679797582,6.01713172853897
P3,F10,0.551562353814413,3.3513476237457,-0.278742230872556,0.169009238305153,5.31192927570763
P3,B11,-1.84205028942799,2.0250246204045,-0.153071274107175,-0.982631385777962,5.51759402904844
P7,G2,-0.679677654378668,3.52050228435546,-0.00457105291656169,-0.471841568269743,5.83314925903038
P8,G10,-0.117304320941982,3.61066798934691,-0.229587259233143,-0.620993871025736,5.64965193362203
P3,E10,1.61818570497137,2.69502754965315,-0.00830071712716256,-0.247102129743453,5.39138682453131
P4,F11,1.71067954224507,3.34497640401363,-0.562716600460487,-0.630749996242688,5.51174399632156
P3,G3,1.23480453087467,2.86162275634202,0.444425666262413,0.00182176206055246,6.05734409294328
P4,B6,-0.587974104505937,2.18701323345621,-0.283033175884763,-0.67332034080968,5.57925580577221
P5,H1,-1.18940074644566,2.65024314230877,-0.0394011748084913,-0.906143371158768,5.74341802681996
P6,A1,1.09620150266562,3.832487216487,-0.0545579634384214,-0.0281124000390771,5.72338137987583
P6,D5,1.11777333027265,3.80881627354018,-0.111478752100518,-0.256821837504789,5.65602114126291
P5,A10,-0.172252811713421,3.03636420277109,0.031310512864133,-0.574116868004929,5.78672505763617
P6,B11,0.666899207427888,3.57125620762341,-0.0135593418399469,-0.133617943943956,5.58396425765219
P4,G7,-0.425819814639188,2.78095102306494,0.201566900554728,-0.451341182104383,5.3886981146102
P5,H12,-0.0755082799442948,2.9351930229807,-0.180269868088646,-0.769918299232425,5.68387662131976
P3,D10,-1.67465080669271,2.45829602471512,0.105892605876175,-1.25762927425215,5.32233137733004
P3,E3,1.4812756289637,3.56196943873464,0.0622773655962045,-0.158044679011618,5.8472679526492
P6,H3,0.943391482960895,3.48090100132086,-0.331521951137589,-0.296536196450003,5.41532101363268
P3,E11,-0.591539454842937,2.40677078536647,0.477220460333989,-0.613094031515905,6.01636092601725
P6,G12,-0.941514402222768,2.57498699685096,-0.227203747808116,-0.671616231450523,5.40791872945439
P5,B4,0.329970771963601,1.77860269063107,-0.861475841930119,-0.285965477343044,5.24657383531881
P5,C12,0.408307778175759,2.66818963325313,-0.142542418405343,-0.352446711115017,5.910345095212
P3,D12,1.50961863454359,3.3743002850145,-0.23246519532447,-0.423168977221093,5.72121658341934
P6,H1,0.116942061811847,3.24178726164133,-0.1199859262046,-0.248230562943011,5.65999292409169
P3,B6,1.09731841990318,3.36044549703777,-0.185083984604414,-0.405854158155867,5.71576889636962
P4,D10,1.32713895010848,3.44407633940808,0.039169143659696,-0.295501856013251,5.69788617404263
P5,G4,0.899083441764138,3.00225108471001,-0.166503911125912,-0.52624711975779,5.82468440052324
P1,A11,1.88316938764191,2.83917198675698,-0.515071481909327,-0.291260555227016,5.46137085875552
P3,C7,1.51410675553541,4.15821680701921,-0.0392553807877938,-0.315992394730771,5.65569308241173
P1,A8,1.42046318342071,3.94589841786718,-0.253186058098994,-0.263825937050325,5.21756321066552
P2,B2,1.5869217516828,3.49268587874443,-0.0630498002246264,-0.0992159448852041,5.36751378172431
P1,A2,1.4590700072866,3.02100434716818,-0.509818815187052,-0.189367025062325,5.23066966179267
P1,E4,0.343534114091832,2.39751100025671,-0.201474239241066,-0.364690328214945,5.11092043134346
P2,B7,1.30801142407601,2.61048401752317,0.210599366307552,-0.400009378327603,5.75389784885341
P4,C8,0.341533235949308,2.92029459727721,-0.43484104580425,-0.51987094522599,5.01133939252554
P4,C11,1.33126928793736,3.37380885132985,-0.347098347758105,-0.0464735336905491,5.55777754348605
P5,G2,0.85005540255276,3.38278875034945,-0.121899500182668,-0.371044063655844,5.70692490360489
P2,A8,1.199914447572,1.66925190387752,-0.769886030831345,-0.0126940273422991,5.33660515046965
P2,F1,1.27799997391724,2.94876587774333,-0.138273141786992,-0.5635160750726,5.48111235051548
P5,D11,-1.00142812680807,2.58221823955263,0.023704646829901,-0.797568884550658,5.83761037869384
P1,G2,0.0935230760769058,2.28617613918808,-0.460318132481925,-0.785642237158979,5.49251078011207
P6,G4,1.23620117434573,4.01635084279131,-0.295919941182454,-0.560138949553948,5.50023971753019
P2,B8,2.35311178933587,3.53770435199674,-0.0540756619759961,-0.521371401306878,5.7991244005564
P1,H8,0.320571559352326,3.05781588908096,0.22887601956603,-0.331567787618996,5.18931984599947
P4,F9,1.8463801171195,3.55098165095432,-0.213930589312274,-0.583848357019294,5.74053150707289
P1,H12,1.79501820223557,3.11281207822408,-0.31437195023606,-0.232102740824197,5.67404334109085
P1,H2,0.220967007724858,3.07740749337571,0.150257796187209,-0.774153000542073,5.58450814262112
P4,E6,1.69098939921692,3.45872496218064,-0.457101112246052,-0.20804958073983,5.51062647904155
P3,H12,0.334190785633169,3.34080603491843,0.153419261662141,-0.762748031956569,5.81115954751493
P2,E1,-0.708672221581918,1.98267060947221,0.158915370607681,-0.83264709760373,5.8654424681881
P5,F3,-0.241742978742405,3.33950958775514,-0.119709880679846,-0.932609592559361,5.68356061238431
P2,A9,1.75505067924847,3.64696145736027,-0.167285732704995,-0.671524069947398,5.60143947265371
P1,H10,1.46178729985816,2.50677351179748,-0.411114329084795,-0.0848546671745689,5.68595682179048
P6,E3,0.789915370358882,3.51697336649197,-0.00139666920432993,0.63007413738511,5.65633361017127
P1,D1,2.19891722761709,3.14911582975332,-0.297582011643218,-0.323175468688673,5.74102780856172
P4,D4,-0.104900214169785,2.82324124846408,-0.0399520871240712,-0.331035013548575,5.26746760230266
P1,F6,1.35094747095306,3.12781549640871,-0.280861955295518,-0.367986874997126,5.42766112916095
P4,E8,1.84450437865608,3.40853759046669,0.0872470981011498,-0.633223756773964,5.89827315250946
P2,H3,2.33696968122495,2.67692381394929,-0.195799042634791,-0.572395625095894,5.93480602871634
P3,H7,1.45145206942862,3.78195408183823,0.0773245863228486,-0.240732051440553,5.8939080253169
P2,F10,0.475543939631677,3.30053097913583,-0.253334583117609,-0.735131098100784,5.35769186195995
P6,H4,-0.369122160011399,3.45711734090599,-0.144987440885479,-0.531868908023509,5.37747618289377
P1,F1,2.11403057347843,3.14288459187425,-0.077661585660988,-0.283777435812453,5.76917884792401
P5,H8,1.10438033442545,3.30904980035199,-0.15495052036246,-0.607106241994054,5.73136987573822
P2,A1,0.305189262145206,2.51817083217301,0.0634558339498621,-0.689736883640189,5.54879312642308
P4,A5,1.56384756000183,3.47006340082548,-0.333626353802588,-0.386362404416765,5.50774699565912
P1,G6,0.56408197511472,3.20910892403717,0.301600340010088,-0.899133454141271,5.86049499823718
P1,C8,2.34176799453663,2.82042851403687,-0.766064540438211,-0.253071788194365,5.62684197654616
P2,E4,1.93877365010572,3.24362524507309,-0.0773160105755613,-0.589147134770263,5.78048345571222
P3,H6,0.347334422579105,3.29555908189387,0.0131328258066462,-0.250007652666061,5.71395593341309
P6,B2,-0.324110037870057,3.20170062133332,0.139668933452296,-0.4674590708208,5.77720393162742
P4,B11,1.14983659563609,3.2823523055123,-0.188032205417448,0.217688336232555,5.5418265493986
P1,F10,2.47374655211937,2.91047771856631,-0.698496055842039,-0.274326591847795,5.52961818373648
P1,C11,2.28709583832358,3.68354252942598,-0.318146829157029,-0.371039560798126,5.6501324869609
P6,E6,1.22322690877041,3.85466185540508,-0.211156099181577,-0.158410215957688,5.60483584101643
P1,F4,1.50422703685456,2.01542661698165,-0.455057035477265,-0.00411190647733994,5.21111812683575
P1,C1,2.35103660896916,2.71045215139818,0.492453459031711,0.0154998947708906,5.20684852979089
P1,B4,1.86140623092872,3.30429060796177,0.510205262695846,0.114307002039427,6.11675866466103
P6,G6,1.15683491063071,3.2144094636411,0.11157886722576,-0.21924755196159,5.96908113425857
P5,B12,0.688531367030969,3.21330351756519,0.189115910817843,0.396870334068806,5.86664470202757
P3,D9,1.42804287255516,3.7366449891212,-0.096365617917407,-0.147300784111492,5.57810359749106
P1,G11,0.72730475557169,3.27456757407065,0.122770312016844,-0.520237740215363,5.19646314324631
P6,G11,-0.408009948553927,3.43529002506067,-0.0833928624220774,-0.415236324687424,5.41842856110218
P3,H9,0.730591780315713,3.82342442710134,-0.362357407428014,-0.309043257800293,5.19192333689109
P2,G12,2.02636508496172,3.13103454114103,-0.484934596126661,-0.464387252952155,5.32753071404779
P5,A7,1.30564831778456,3.46709457551183,-0.403853270553567,-0.202015708267631,5.59768510100436
P2,C4,0.878732366167488,2.92505472932887,0.437418232454008,-0.358431634249067,6.010105466398
P4,B10,1.35220767997709,3.42724410763232,-0.489889810095182,-0.0811012722187346,5.40777230477269
P2,E3,-1.12025647743182,2.48084894357874,-0.13575243221549,-0.771903673080089,5.27026087584766
P2,G11,1.87533314453661,3.69779431456488,0.0381136805833548,-0.382040229487794,5.68794092970539
P1,D3,2.10707426293126,3.28561507570993,-0.170513338307969,-0.244533002314776,5.77293217849007
P2,B3,1.5272672384829,3.29931909258393,0.281668809450835,-0.839985283493167,6.01645506834181
P1,G3,2.35131985659374,3.62657364999797,-0.364260040665642,-0.665581343484231,5.67674339005704
P1,G7,1.44886217531038,3.17152394747733,-0.026752351347588,-0.24153146587402,5.67319381878367
P4,C10,1.42089647843415,3.3225110941182,-0.187589625089727,0.0210658339804627,5.74494007242699
P3,H11,0.853689503763601,3.78891092779663,-0.0830382077350343,-0.584193088428992,5.66133002543117
P1,E8,0.477537882975968,2.27736395243876,-0.0239199004559264,-1.15593927989961,5.99773631735656
P5,E5,1.37656384971243,3.37302061092234,-0.0655509905710082,-0.289216985852419,5.87145049161133
P2,F8,1.44857506576118,2.91842468934233,-0.193231578201528,-0.398226694664312,5.55595710662725
P8,F5,0.0342346627548987,3.90026067981061,-0.00735891093042776,0.243461036593621,5.62287212429229
P7,C11,-0.0685523891888864,3.72161453537593,0.016930241180336,0.0280028778672091,5.37789094873916
P4,H1,-0.940981362402758,2.17360843275178,0.234990256739032,-0.434925247648389,5.45183755077437
P3,A6,1.190947870031,4.13990071682892,-0.267777118189502,-0.535193512411743,5.37578221017373
P6,H2,1.50244003239176,4.14428189187786,-0.139848665232412,-0.493517606352374,5.68888396654661
P7,A10,0.916466094017347,3.92151211093678,-0.0216174809669147,-0.401857540967007,5.86687683851612
P3,D6,0.698799785002996,3.45380541714098,-0.495536696284764,-0.155350923818731,5.11771578423382
P4,C7,0.0798999653529334,2.10453384593929,-0.144302891569826,-0.509038572200097,5.56778104876274
P5,F2,-0.855630329507724,2.96671001111569,0.10265148069157,-0.887303996084647,5.77953134944369
P5,D2,1.09407891816292,3.75557646731288,0.00589667099794863,-0.432960619504704,5.80793473430147
P4,H3,0.681261701979855,2.84591621419753,0.0581137478707295,-0.433199539827677,5.67732465700463
P3,E12,1.6734179362843,3.86271807701107,-0.0144436801337138,-0.583958547709532,5.78010371192207
P5,G1,1.02905741052192,3.70989862685273,-0.182653639593198,0.0612549773835083,5.58369790034179
P6,B7,-1.15421163481587,2.81921091499657,-0.0149336957044971,-0.850342290519628,5.53691136909461
P4,F6,-0.621449079822081,2.85598138007914,0.326681307751778,-0.782690066336952,5.86945523458439
P3,D2,0.340527238106775,2.99704092586694,0.117102448913675,-0.747597262491326,5.46881387034875
P5,D7,1.5579259778429,3.17758388787616,-0.452394359902609,-0.38826694570447,5.65088136261498
P6,C4,0.834078009291605,3.82958350316415,-0.12609660173101,0.4276136509728,5.62062374170765
P3,E6,0.197492920948086,2.96748515915232,-0.107777959498533,-0.436161847421243,5.02344120792774
P6,H11,-0.640146721424855,3.18178569737524,0.057140380571211,-0.462579877206582,5.09128581047874
P4,E5,0.935680240999826,3.40106093308004,-0.192503819985383,-0.381259710908249,5.60369616549583
P6,H5,-0.39257069312191,3.34928950755993,0.0498682759802462,-0.503382543927698,5.64488428063266
P5,C5,0.728163449416116,3.18353629023283,-0.188418512124561,-0.537661763662256,5.67247686827949
P4,F1,-0.743440503426029,2.46230082434152,0.0792987556216369,-0.674059726447595,5.37014262433189
P5,H4,0.560407953636861,3.69141776243509,0.0600355373237176,-0.123226580932638,5.64560686437097
P4,C6,1.11204516053302,3.09568129499299,-0.480459769654242,-0.521965142828799,5.40170315434607
P3,F3,1.21408173193508,3.16186298804834,-0.289614826510756,-0.801178206900711,5.77511472681274
P6,G1,-0.771514716837565,3.11297062318657,-0.0308570206460331,-0.671595821739527,5.74100175787151
P3,D4,-1.26006639885692,2.81713169903777,0.211197938593424,-0.959396543471137,5.52552338253483
P4,D6,1.51653760356317,3.28417141494539,-0.0705776079534283,0.0347072385070731,5.76495683077948
P4,D7,1.47587649655231,3.83413315072076,-0.458611537792078,-0.0140909631080956,5.41259839834333
P3,G12,0.646666510553238,2.93993506032502,-0.0739736196096122,-0.840637103256944,5.6217148977572
P3,B5,1.40013019059005,2.60371533325747,0.568147479196906,0.095807510931627,6.12273933000328
P5,B8,1.02939115967123,3.8243582906028,-0.0509255885008405,-0.156705088727671,5.63868774540176
P6,G10,0.932844801200685,3.7308355522409,-0.0293494865036869,0.0804034969041299,5.63507117120114
P6,F8,1.24864248618437,3.41527423422777,-0.0860808348228897,-0.292734330872292,5.82360633700384
P5,E3,0.263213389643027,3.59790827399935,0.014092074118444,-0.387309058230373,5.54107200822147
P6,D11,0.943803338512257,3.46673540446396,0.243971970661988,-0.0284458348922358,5.21589998949625
P3,D3,0.26196317947724,2.91076499516035,0.120672177913349,-0.497289903414686,5.71506593126034
P5,B3,0.735115764712718,3.61305437341735,-0.184179717351109,-0.285112178976659,5.56097062904204
P5,A1,-1.30068480307212,2.80706092677419,-0.0358384738815926,-0.695533808759114,5.46215712978887
P6,H7,0.0792392396145905,3.07196518658444,-0.0833640530307017,-0.353764229420464,5.7938639298446
P6,F7,0.194717479846775,3.16821730684891,0.048402566966662,-0.333891153247813,5.63186652166254
P3,D8,1.55530751636498,2.04209752979828,-0.985778362971435,0.435647712943947,5.51041226054932
P6,A9,0.75474054047401,3.60545107838775,0.00644201863587465,-0.393229345203485,5.78134743825631
P3,D5,1.95279064511202,3.46880065449849,-0.298739632340382,-0.693874238878557,5.89902268086594
P4,G4,0.841006209859918,3.523810153872,0.155264090595781,-0.36334393337357,5.67800485882943
P9,G10,1.98322361287738,3.07179808271742,-0.381990622220805,-0.164073660902663,5.71449040416441
P10,H1,1.38503321230208,3.20696225218098,0.226502701274062,-0.378249882240239,5.82374381291388
P10,D4,0.333001948240661,2.62640450121124,-0.0291046357821291,-0.702767136036859,5.52340088832316
P9,F2,-0.0488598159831097,2.55194885750573,0.0825289929968951,-0.597920103041173,5.7438001399139
P10,G9,1.74771054278938,3.90600947151445,-0.474741980789125,-0.292140845426967,5.457154622649
P10,E8,0.252566183439692,2.75390431661593,-0.00974262334354227,-0.386074572058428,5.19656667415041
P10,D7,-1.21069067198845,2.0844988175808,0.49877853114778,-0.870819461357068,5.95870669049171
P10,F4,1.38751193268938,3.38884089825172,0.104958342168358,-0.760230692655762,5.80960959718074
P9,E3,0.633108033700793,3.16315439879603,0.255703206398178,-0.15819690285794,5.38573606799179
P9,B7,-1.16949113341276,2.35050112046148,0.255621478956561,-0.58009167809906,5.38490750486453
P9,E1,0.671519594029361,3.28981901016418,0.0952744192796239,-0.579910245996909,5.67976059189631
P9,A3,1.86898877461944,3.38460717670361,0.00717595151280402,-0.097349029880298,5.7370503205841
P10,C10,1.89794852623108,3.17284454563327,-0.301451760143493,-0.41991453850811,5.66230114802261
P9,A10,1.36147908060414,3.06663564712635,-0.418220671765264,-0.279088054763001,5.41639725871895
P10,H8,-0.766122390510394,1.9737124936272,0.435174510470557,-0.357418442775729,4.96702099568883
P9,G2,0.707536309329486,3.20573284762402,0.326671486210248,-0.447632419010294,5.55455326313722
P9,A4,2.16376772356426,4.04627762263769,-0.167348823632968,-0.150699819366614,5.70700345999296
P10,A10,1.54532819388073,3.55754341136558,-0.0314912096977317,-0.360905237754228,5.63354629362758
P10,F3,1.4950109604738,3.34543654839793,0.142273116796783,-0.217549814894292,5.92491783003708
P9,E7,2.07865595610499,3.92071499885732,-0.353141245843657,-0.451714929628181,5.64844474163127
P10,A6,1.67876647662191,3.69544452861112,0.187260178331521,-0.530746442989139,5.86565734289557
P10,D1,1.41903497737552,3.52073472588857,-0.000813643766527872,-0.420047822793864,5.72714849690663
P10,B9,1.6654442433254,3.38629068605726,0.391951044884159,0.00164731067665236,5.84220615686456
P9,G1,-1.22486928854299,1.92586426383167,0.217052275868793,-1.01469923701215,5.86626798284787
P9,F4,1.92616088863764,3.59484955442743,-0.143069794796588,-0.457974465568166,5.73043887597705
P9,H1,0.147942438931228,1.61904691162725,0.148320519953105,-0.886368945798437,6.05741071666708
P10,F9,0.83478312647619,2.34635424706022,-0.111139569564474,-0.60343443557472,5.56003755723777
P9,H6,1.36777031602887,2.20426727769644,-0.196550972865384,-0.956328768918725,5.70862940226068
P10,A1,1.45292271642778,3.64830310206084,0.0571642169798306,-0.664997879141399,5.7427006904911
P10,G1,1.61014171340542,3.44455774775389,1.19378620619393e-06,-0.274392244313962,5.89869494571993
P10,D6,0.97625052367511,3.49364442829248,0.0088179971987016,-0.1941874349146,5.42221605111731
P9,C9,0.0241202921284535,2.53397475150063,0.379380993160242,-0.442327119682508,5.27823385154046
P10,H6,1.3397101793889,3.24809869880914,-0.218276661238643,-0.544099211695152,5.65536339951723
P9,H7,0.582162359359437,2.83299741844776,-0.529263733441589,-0.462204925113035,5.22866779381514
P9,H4,1.97663942691096,2.45608613278761,-0.551852145731228,-0.687161081490087,5.64473071887416
P10,C8,1.45241150977374,3.16841864383017,-0.28236260760836,-0.615762526862737,5.48368055464041
P10,A5,0.960288907345077,3.20440372388777,-0.0628625121878784,-0.299171291529559,5.56099324028551
P10,F2,0.899429229937139,2.11198407211699,0.106311180874768,-0.733927220373062,6.00847832460723
P9,A9,0.0639945783739291,2.59752864390857,-0.0838032292195579,-0.940968752680831,5.6235671380782
P9,F3,1.8696495737274,3.77449150993221,0.169938853625564,-0.600243387905344,5.85797424773608
P10,H3,1.81465808762074,3.76475136374524,-0.150471647263697,-0.504406896280077,5.71697352869663
P9,C1,0.47542463870475,3.42533518280001,0.146189163701375,-0.206451849412431,5.41567276652512
P9,H10,0.967053500598612,3.03094839364835,0.418464248475086,-0.4696055704208,5.22130942569215
P9,D9,2.22014104014282,3.45545197981065,-0.158352115786837,-0.58637938822126,5.82084223196191
P9,H2,1.05649349306532,3.30115915914191,-0.118745822772085,-0.510352673587588,5.42648861157034
P9,D7,0.514928763783681,3.09507787330279,0.170903890388022,-0.0128416822952333,5.41269258346782
P9,H9,1.50150273366361,3.39946023788505,0.0203521571980562,-0.401331774560331,5.72705940187372
P10,F10,1.5799053145014,3.35550470200629,0.216940279146339,-0.291668909105085,5.82965250422703
P9,H3,0.666330719857193,2.82078436229802,0.0438484995078638,-0.64218310629879,5.61283343605538
P10,B1,0.893839371065193,3.22305225809181,-0.15709290272803,-0.550736965621381,5.4603278702118
P9,E9,1.68728053270304,2.30313069048128,-0.303406212627488,-0.391850103602685,5.84007375158129
P10,F1,1.18415629926909,2.95451820178857,0.178386024695342,-0.507037552562239,5.86820259111742
P10,C6,1.41880359580117,3.55782251421503,-0.201501804920582,-0.230556044043779,5.48838716088218
P10,B3,1.02493350467702,3.26088978223793,-0.147247439837987,-0.255824048532652,5.2734867522334
P9,G9,1.21763472840416,3.0337305951017,-0.280989963327774,-0.153649312743654,5.46091750729624
P10,H2,1.80995469657144,3.58628188122356,-0.110717811364559,-0.337108850372004,5.77218299939066
P10,G8,1.92215604401353,3.20008677270564,-0.105957959885827,-0.456396860535466,5.84482781500129
P10,C2,1.07544595373871,3.49854866879597,-0.106671792431177,-0.974777626888359,5.64989858187765
P9,A5,1.56558912032035,3.91633653011979,0.0987453262478663,-0.704472575689372,5.74573921587589
P9,B2,1.08647109333983,2.7236725485595,-0.0222946682925482,0.657790727997051,5.87994901200106
P10,A3,1.80596219948025,3.52017269983085,0.0335543206194822,-0.644285561375453,5.75331116031718
P9,C10,2.06703468707057,3.8866203239585,0.0562899385802996,-0.47343547763953,5.92236890732876
P10,H5,1.5449279718768,3.34427939343728,-0.335508030380814,-0.427449376030353,5.57703377965767
P9,C2,1.3476078232845,3.66681200569256,0.286858230537137,-0.50433784615655,5.81341461006298
P9,E8,1.18845627887032,3.42864562017289,-0.191766605823621,-0.20556471638551,5.50693824008977
P10,D5,1.86460918056372,3.58918013943571,-0.637432151676407,-0.207431041965999,5.53012067512992
P10,H7,2.06340160248883,2.53114464410708,-0.0569119760243336,-0.205482373617209,5.83188881254095
P9,E6,0.0485359376880805,2.29060375706631,-0.283676427942271,-0.966147586194753,5.61086350189218
P10,A7,0.660107829602685,3.0835934678717,0.179652890698166,0.523095737755785,5.71247509360655
P9,A7,1.91959408180073,3.84607749840196,-0.310717322923884,-0.215344773116187,5.32540962431594
P9,D3,0.651749844265461,3.13260758022875,0.462515976036273,-0.599698516615532,6.0520868529868
P10,E1,0.941163978947466,3.62513412478698,-0.111103237582829,-0.429058347688177,5.4592681897353
