DNA_plate,DNA_well,pc1,pc2,pc3,pc4,pc5
P8,F12,1.22584767931063,0.885638229186611,0.816050220753288,0.303680679630105,4.90068262562824
P8,H5,1.20995319055895,2.70960717214007,-0.12791487653238,-0.713398436664665,5.53032306308359
P7,C12,1.35265623960692,3.84172133687412,0.072848672720096,-1.09458931118595,5.30478327689231
P5,H5,1.78093611212837,3.59949992586705,-0.174532608414272,-0.962988816486062,5.6507083104382
P8,H10,1.79590960194251,2.87177660017915,0.332872521702402,-0.904518397727074,5.39886672326441
P7,G1,1.74583342873932,3.81649979863803,-0.380470091814668,-1.22493474716913,5.72918685419449
P8,E3,1.67070545907219,2.5151077235273,-0.28016329502929,-0.613727857949364,5.60753981578671
P7,A11,0.63613328397388,2.60934658136859,0.813138593467585,0.0208897626816614,5.30862370660501
P7,H9,1.78104058568254,2.59343415396521,-0.00381037223622203,-0.677942615365065,5.74831931739631
P7,F9,0.644704466227702,2.6183330452763,1.09311622284626,0.383160551854249,5.52954411676156
P8,F4,1.55873586173212,2.34245984069313,-0.36478471315243,-0.562526892826033,5.62250941626733
P8,D7,-0.00712672284792937,3.01629411678431,0.234076260852992,-0.21405304838957,5.28220755271119
P7,E3,0.698222406838121,2.93187436588381,1.21251066424426,-0.397292708378197,5.1473840715225
P8,H11,1.11886959059186,3.0946984809163,0.435806248230153,-0.661722885150974,5.19107749028032
P5,F9,1.68211265916246,3.6051876952276,0.174366090930351,-0.617982748341484,5.86704147388921
P8,D1,1.21294083112118,2.52916390537342,0.425418814905296,-0.257106272562559,5.48595630816668
P5,C10,1.97008877886386,2.47013515850813,-0.314930703375006,-0.660862778090999,6.06239858931123
P8,D8,1.29164049364136,3.40237617084334,0.343677142464693,-0.543501351494611,5.86505367037873
P7,H4,1.46162269878241,2.40107739561785,0.267878129122022,-0.451357767864633,5.56396403594627
P7,H12,1.78217459141128,2.7937481189597,0.153766409907906,-0.690622281609111,5.52000805649853
P7,H10,1.6297709898425,2.05651203790282,0.0723788092395809,-0.508910628916599,5.68475470066674
P8,C2,1.50345603668338,3.23911158105858,-0.0605987058747421,-0.887478748864451,5.7464721087835
P5,E7,1.6210326255783,3.13026782715091,0.11493182481205,-0.732893548594975,5.33327424855107
P8,D5,1.51992848372859,3.07999590382988,-0.115873505433236,-0.620921587989641,5.74484665358468
P7,G5,1.80593591081443,1.43029352686258,0.0470489998713305,-0.359032252850028,5.4210152926823
P8,A2,1.20219693331486,2.40637151897953,0.201959588957894,-0.469353945902168,5.55309157301247
P8,F10,1.10945233999471,3.27201599014362,0.289069871846416,-0.708141113375271,5.44517550036803
P7,F6,0.645042329919235,2.3713287309138,0.403850797260532,-0.45570816794312,5.04264146668623
P7,E11,1.76718044422566,2.62022862423098,-0.0787617040615983,-0.71750200692844,5.87156375454917
P7,B10,1.66681309389529,3.16511539388112,-0.142400799286143,-1.05458581959313,5.40783829502537
P8,C12,1.30339718266633,2.48584320717942,-0.0758581896016418,-0.493493069484324,5.73556981155633
P5,A5,2.11843985384455,2.3478562467744,-0.49796467053725,-0.877033086477243,5.84498695543499
P5,G9,1.93389023837088,3.09242585870836,-0.0385069143224487,-0.914886324662283,5.82739770988862
P8,G9,1.67992833776493,2.49841318672019,-0.364839350612613,-0.792281041089157,5.85528350776595
P7,H5,1.4014953539753,3.29755222819345,-0.139205432635601,-0.575978496202762,5.84733764743693
P7,F3,0.526472206542406,3.34412144849506,0.412228474182441,-0.601295936408269,5.46198703883073
P7,F7,1.82504367944029,1.97242923068196,0.657045944046716,-0.674125531313258,5.23646914641776
P8,D4,1.29279315131055,2.70893608500317,1.10606037333411,-0.350214267486244,5.32694649939964
P8,B12,1.6801433561207,3.32369453573276,-0.333293554747142,-0.883354413997162,5.76778081665682
P8,F6,0.657802238811826,3.30395306153157,0.36874421170821,-0.30506028606254,5.65946579583713
P8,C8,1.7114550555519,2.87971746925753,0.0245248593932476,-0.866277489359764,5.63782261026762
P7,A12,1.95595223915645,2.01934373300877,-0.0615964347609479,-0.610490914465245,5.70612205175381
P8,H8,1.37207213514708,3.22747363081089,-0.023038371442482,-0.47611450748152,5.86268127750962
P7,C5,1.84081551632564,2.26464476628455,-0.541141162572049,-0.577360308371056,6.06221692118818
P8,H1,1.49468609398068,2.8066658950136,0.913072386707409,-0.536214271433602,5.53746675749034
P8,E9,1.22082195213778,4.32669458807792,0.0200947858322047,-1.13965221460279,5.32632317453373
P7,F2,1.85611522612181,2.84238903914576,-0.00588115933764995,-0.794734321298029,5.60160653636561
P7,B6,1.93888934845256,3.33328800640849,-0.595831082953859,-1.01544245062525,5.62318005645472
P8,B9,1.43855779410563,3.04791416804734,0.129648237945577,-0.674781363690741,5.86895349157405
P6,A6,2.41279315507694,1.41834119130727,-0.651317115750493,-0.529973013685945,5.66813323309086
P8,H3,0.775383407690443,2.3227985474615,-0.295555580826879,-0.197200613411079,5.53248643753876
P8,G6,1.31016236921319,2.76613004125785,0.628571293749256,-0.493703549176957,5.2872762629554
P7,C10,1.46824216730402,3.05346123858673,0.247777332680599,-0.56359310582577,5.64167684941175
P7,E1,0.760307594560717,2.34406875902516,1.43544930149567,0.581919181038504,5.47882495998752
P7,F4,1.02174457251641,3.66310537144434,0.391660637892164,-0.909029095233951,5.46687364622247
P8,A1,0.755795520658414,3.41567331418478,0.421102313247816,-0.81664872435968,5.39161753673654
P8,E2,1.62936029382181,2.30914984068331,-0.453366458261356,-0.680361428610579,5.66895172571693
P7,D2,1.81186521769294,1.78413973749777,-0.311283850070298,-0.574412855970186,5.71808275340405
P7,E2,1.58837852052466,2.18976139352213,0.152107946084141,-0.671498222450814,5.47463874283235
P7,H8,0.776022372127985,2.33600469983081,0.073895180966409,-0.432819828659023,5.48172018480917
P7,H7,1.39478840851086,2.52049629066342,0.0623025790044131,-0.584350555289488,5.57821258010757
P8,F7,1.72160757326075,3.50617733649767,0.874663397735928,-1.02566158173812,5.32127611978654
P5,C4,1.90147810179245,2.8396328580693,0.193051499893215,-0.6260960619404,5.54014063621119
P7,B3,1.52718587793933,3.22233656451098,0.624368826902278,-0.71240174272582,5.67158598935633
P7,D8,1.36212297388472,1.32181345737216,-0.58179400752446,-0.192924717185663,5.68218907021999
P7,D1,0.803399740944284,2.92245689260497,0.614160182590837,-0.507281131944408,5.25996390714485
P6,E7,0.856742122191631,2.20689288428176,0.713640192574834,-0.477469764284685,4.99016147138494
P4,A3,2.10029427814253,0.802176773454421,-0.478153203113333,0.033255438881875,5.7833076804168
P5,B5,1.39654201538768,0.971203942593355,-0.432697383767114,0.322716064388794,5.65562022630058
P7,A4,1.81170324512079,1.49192702684336,-0.0794576436725148,-0.268245308239335,5.93590152421225
P7,D6,1.93387172605054,2.1854703702813,-0.186579250529513,-0.651433681961206,5.75579808725523
P7,D9,1.72038014905178,1.89675416834771,-0.370779496516103,-0.509273859271839,5.79479117904024
P8,G12,1.75620956801612,2.01264632415206,-0.270088291844889,-0.385102002413858,5.90919999600429
P6,B5,2.10039573092663,2.63082029289015,-0.256947559691377,-0.820539525379434,5.96750371368104
P7,D3,1.91604870107992,2.32923111887043,-0.539725805775372,-0.658408146350407,5.85779588522229
P6,E8,1.7715226754517,1.64451092554222,0.075136806627412,-0.585129130010332,5.52370731286436
P5,C8,1.79711170764603,2.46493050959216,0.307022357238629,-0.393429262434582,5.63706589734695
P4,E11,2.09118084663393,3.4670490486555,0.316945212573068,-1.00469543876113,5.85458241226432
P5,H3,1.78963096568355,3.52661491033281,0.0139244172460112,-0.754734816863014,5.6736316014166
P8,A6,1.49924382718655,3.58188698832657,0.115784704709425,-0.936777060703358,5.71858492656728
P4,E2,1.65648903101001,1.61848957371646,0.400777514026702,-0.178567522815549,5.35298537647241
P6,B4,1.01463691087763,2.1900167213748,0.355406417092152,-0.316764444809973,5.51047062594331
P5,D6,2.0307171747991,2.15989262909688,0.114710076113538,-0.718039144626365,5.43333382749744
P8,F8,1.78976360085558,2.27771183625642,0.0760051644369692,-0.438875755344219,5.60715061586998
P6,D12,1.81660190078753,2.70718958422464,0.351883861107261,-0.515290956854611,5.85102139613107
P4,D12,2.00267891752655,2.3404010612564,0.538900945418102,-0.106542847679621,5.6959010701339
P5,C9,1.73692270698739,2.27591016473143,1.29772606212313,-0.269127132412612,5.11833615753937
P5,G10,1.7673617087282,3.37001057220667,-0.018583853671662,-0.693582359615012,5.94688355045853
P7,C4,1.56239990626449,2.72344012672497,0.0517421603462668,-0.468691673916046,5.86578138665817
P4,E10,2.4572660838702,1.3253507281708,-0.54863200091283,-0.478733546339791,5.561435047771
P8,B5,1.28847197048316,3.06217315582929,-0.230791071375534,-0.703453136022758,5.55361409390384
P4,E3,1.98129093731023,2.23560522787108,0.431271301924709,-0.492157540193454,5.90905917782446
P7,F12,1.64537822027444,2.58159334203859,0.314518341216935,-0.48536596212014,5.81688183665641
P8,C4,1.62274245928719,2.62262714488622,-0.0497267675689991,-0.446391235999542,5.93157697911136
P8,D2,1.58118258184082,2.84457248228672,-0.152725319783017,-0.538392989738936,6.00511454060937
P6,B1,1.90289756525154,3.1070150810227,0.0545610756215678,-1.01627291448711,5.84454914782104
P8,G3,1.47643202309205,2.6598979445779,-0.141445956032533,-0.501684195277666,6.031074425799
P7,F1,1.61172909732834,3.3835343547889,0.00949433430028633,-0.849399602598007,5.75585803085442
P5,E1,1.55653495697086,3.08656480143331,0.460642058171428,-0.530407978019555,5.59826529895079
P4,B1,1.68027997071887,3.459482288349,0.96295382686101,-0.584864871966131,5.55972818408551
P6,E5,1.73361994147773,2.67876699978162,1.1519962541177,-0.687369278218097,5.34995841207301
P7,C9,1.43236178912963,3.16439250242918,0.202935257686703,-0.49387729086321,5.75066022859369
P4,G2,2.4534486705755,2.22540743722895,-0.681302884803115,-0.727572472203723,5.72614133060602
P7,H1,1.74406354126788,2.6324231788321,-0.52385154962996,-0.65601706912884,5.69067973330238
P8,A8,0.371336447316841,2.85078012170548,0.284077973661792,-0.308327028433896,5.49335803184282
P8,F11,1.86065247800455,1.31921019185782,0.406137690049987,-0.217210298339785,5.32262302417676
P8,G8,1.68952541309471,1.50813508972064,0.439839232384215,0.0313422507352348,5.31388064605265
P6,H8,1.7018471515038,3.47615914003222,0.484030020880812,-0.760184307723441,5.65932295696998
P4,F8,1.03839016975008,2.2723465686488,1.45201930745493,0.838089476136802,5.78188971989109
P7,F11,0.577967524034761,2.41633250044926,0.809310220584864,0.669979118092589,5.73653840937014
P7,B5,1.64577527274873,2.79443245972344,0.120503392684756,-0.630902181077934,5.84089976587222
P8,D11,1.53565799416809,3.56831984630133,0.0618008010728907,-0.800634823078356,6.012363296598
P6,C8,2.40931720342963,1.77595364792122,-0.313421310220468,-0.686221862470837,5.9203826358975
P8,C9,1.70658157346135,2.27687235256334,-0.23230930702567,-0.293490117141291,5.86988585465155
P7,F8,1.39734347794381,3.11781639530004,0.216361181598057,-0.613921566212134,5.62305452699862
P4,A12,1.8479327074705,2.20620435486738,0.226339698882874,-0.42684339326146,5.98134262157342
P8,D12,1.55927675228149,2.67001806620705,0.0649659248669169,-0.527996042479949,5.8473731358164
P5,F8,1.48976778966545,2.94721189870919,0.402341509154487,-0.465011790165099,5.41155397727136
P7,A3,1.47763529170121,2.24223452891077,0.662264269786376,-0.212000124388125,5.08907009835297
P6,D6,1.36953784064159,1.71145714884196,-0.0466474624040247,-0.954317133450585,5.47891173640532
P5,C3,2.28767706475178,1.31808522316019,-0.307035270080265,-0.403434719942841,5.74071601320855
P7,B8,2.0257005483298,1.15984588004221,-0.304293335508628,-0.241761563290181,5.74407460080643
P7,H2,1.43675548925758,3.37430465308896,0.23275906680176,-0.629761879037759,5.92176314071742
P5,F7,1.6354323144599,3.88319610495545,-0.309069043078135,-1.05500956818989,5.46174948744377
P8,H9,1.96529458519015,3.21172202054154,-0.697138796418216,-1.03115179721178,5.72091676117384
P5,A3,2.05845993079789,2.49941752308096,-0.35589016982819,-0.801061580041061,5.93575395032233
P6,B6,2.02814746321661,2.4390329400037,-0.317004579541055,-0.717920935578511,5.78281393561929
P8,C6,1.90979796909818,1.31043067462932,-0.762540758172985,-0.315508962530923,5.82718160752373
P8,E6,1.54495945889649,2.28345126073299,1.23820975596337,-0.766834245879738,4.86836094659202
P4,A6,1.86770053107009,3.08753517975725,0.0898336991763855,-0.784388415195884,5.60623770918868
P5,D5,1.59961867254911,2.78983016246936,0.333323168696072,-0.635309148092343,5.42835580517107
P5,A12,1.05276300539237,2.42893437907845,1.58800751412839,0.0893650934634774,4.72587756341385
P5,A11,1.20081740938422,3.23224698974422,0.672348435111595,-0.639244478201134,5.11558441481327
P8,B2,1.26637224966432,2.89677382171128,0.205844656793115,-0.449633004057414,5.80850004320575
P6,F2,1.74770643388108,3.20048204413661,-0.00397797544639039,-0.510988432008569,5.63345398114081
P8,C5,1.53407749711354,1.88451644199323,-0.301039300991552,0.0403159108051174,5.62821538777253
P8,A5,1.41429260961687,3.13786228225784,0.00243149944615527,-0.799503641925629,5.5043197982271
P5,F4,2.00433820844624,2.20419233746935,-0.340322918169898,-0.480906092997361,5.71851978441795
P7,D12,1.6411727420445,2.65545313398232,0.0394928988561361,-0.380512578213822,5.66271650189464
P8,E11,0.479042597843927,3.13551229685617,-0.0346506045713681,0.00786930725853752,5.83179003504815
P7,H3,1.52640052180963,3.95733447678208,-0.181320164620068,-1.15705804305619,5.44714742088734
P5,B10,1.35270770338758,3.12012824754658,-0.0926729941044017,-0.728516449112687,5.53902139352911
P8,G5,1.40459015904319,3.06726200120898,0.316647294821119,-0.414700420089872,5.84248959734212
P7,E12,1.71384250097462,3.16176764119985,0.0114529480216204,-0.916125727576353,5.72351128863636
P7,G12,1.51084945462398,3.11953287098401,0.135906285785354,-0.587098606526382,5.92933235091424
P5,B1,2.15435509488697,2.48364749297369,-0.23556732732437,-0.862320232176711,5.87704453508268
P7,E8,1.41675870567825,3.39451696185019,0.096823264326593,-0.681357092719959,5.438888911646
P8,A3,1.66746386165365,2.70703710983281,-0.376987849394605,-0.660625235060526,5.93965773533154
P7,D11,1.49994075917818,3.25893644865054,-0.142371839931496,-0.840300528428499,5.75273882578156
P5,H6,1.7949522547207,2.83142972861565,0.166744861351701,-0.503228267501927,5.76277269980267
P8,B11,1.38643373205818,2.68752276131984,0.730551187122628,-0.294028141383174,5.42536027869754
P8,E10,2.06141375794207,2.03854298572137,-1.02281769256169,-0.509546343053722,5.78373613564504
P8,A12,1.19964766072645,2.40267635882933,0.332983662657316,-0.00262973242364406,5.39503140246263
P8,G4,1.84341949922438,1.2318787086893,0.244288077091459,0.240784312583332,5.40642414943911
P7,B2,1.8032841321503,2.91285877294594,-0.178697605624828,-0.822270702096737,5.51598448022696
P7,C8,1.88118209043565,3.21230800542821,-0.382358309124129,-1.05548269704903,5.51787120994952
P7,D10,1.85695041347444,2.48762163884397,-0.287157931944873,-0.656423814151395,5.65120714040522
P8,H4,1.5998401068181,3.05354815707192,-0.436814974667868,-0.690584534989546,5.69432089516143
P5,G12,1.72377571036961,3.33923582255125,0.158723359889873,-0.674015718242451,5.926306210628
P6,D10,1.90972873828706,1.87795967034908,0.173142134068911,-0.51816568254326,5.56108087998404
P4,D2,1.64964737469181,3.30421706138384,0.149612184513174,-0.334169143649502,5.94397834249831
P6,A12,1.15417394794622,2.65211537933452,0.48265339711364,-0.204450771194311,6.0770961454242
P5,C7,1.2577403860404,2.7668815699055,0.457320030915989,-0.437238694454102,5.3051481476976
P4,G5,2.19608240579197,2.86524744534152,0.345877838550328,-0.825831917182751,5.59349841673595
P4,F2,2.2541345739254,3.11762687203847,-0.0272668578367101,-0.892034778510191,5.72553562483791
P6,G5,1.88191751778079,3.03173208724925,0.0882656351850645,-0.942552712273998,5.8128710069088
P5,H7,1.1606199861358,3.44812514405004,0.621545276965724,-0.0990815432321405,5.80964442548353
P6,A8,1.51937678665392,3.03738644534467,0.566062960906953,-0.689632434836439,5.70664613795336
P5,A6,1.38395297618945,3.00293207551325,0.54050674729813,-0.169512207512868,5.83018349395025
P3,A12,2.40699380300201,1.63821551581283,0.277106251879701,-0.650728255012,5.70619844108919
P4,H12,1.53418884860112,3.30192570303952,0.300469380249397,-0.384971495113189,5.93738636571368
P3,A8,1.7152781645828,0.730316840219337,-0.398700530810693,0.00711161778944963,6.01794813331037
P3,F5,2.29618627896643,2.24268767334879,-0.168234827214243,-0.785454658118358,5.9699786077116
P3,B7,2.04319826936436,2.99066688055225,0.162576539333796,-0.747385102766947,5.76613429599541
P5,D10,1.84594460236067,2.24390556964567,0.745295741318066,-0.52234904409106,5.39676273932704
P3,B2,1.25218860637552,2.51302554700991,-0.034458400437319,-0.720664553634421,5.79683546134243
P6,H12,2.03043574405235,2.18178678420307,0.0729455362093533,-0.532503942315901,6.00436792433728
P5,H10,1.13458728706661,3.3308988989201,0.627899821005373,0.0170115613175659,5.99931294087015
P6,D8,1.77138860919812,2.74638826527524,-0.00462794764711352,-0.908174953117301,5.76305909788276
P4,B5,2.07178018768483,1.99653073269374,0.174722208976418,-0.584223793118251,5.57870391593284
P5,E6,2.3880409140495,0.724062268386645,-0.437367003146488,-0.302880702979099,5.9536279933475
P4,F10,1.1201271278824,4.76318999237817,-0.279680949026594,-0.491959929413342,5.44364312597527
P4,F7,1.74306878756198,3.14653913718968,0.154812343954508,-0.463551641111771,5.85018946917547
P6,C6,2.2516828645011,1.42557757848747,0.304090454982675,-0.544604278828116,5.66256510129185
P6,G8,2.39281183835892,1.11680112974132,1.83131126769186,-0.693727806627581,4.63890166931894
P5,F10,1.85595491382791,2.43355227941975,0.314441398260043,-0.402657471640568,5.78450284666719
P5,E2,1.80481413044627,2.75916478115545,-0.0189640367995878,-0.446280425418738,5.87359494298966
P4,E7,1.8350888318715,3.22176501123306,0.252305259012191,-0.749401529678895,5.80880468934331
P3,G1,2.23196294104974,3.06822979289258,0.100922824630338,-0.969793279713004,5.88377426726525
P3,A9,1.9232789379777,2.24312815574084,-0.357489627248791,-0.290163919490266,5.87853406626165
P5,D3,1.84644743314101,3.07960108150505,-0.0833119105659175,-0.819482242495053,5.76639179146921
P6,D2,1.7915795693382,2.7449838244684,0.307546000594078,-0.411043250764416,5.80651283370011
P3,C6,2.10446155789436,2.67381324161619,1.04838669027547,-0.690317061810665,5.69552223868776
P6,F6,1.16340828617716,2.56819837262014,-0.199956771917413,-0.3808464219481,5.7517803177528
P5,C11,1.83091333674531,2.52774661438355,0.290469971018047,-0.498228803102488,5.65422488250078
P3,F8,2.05428976832163,2.15465558139992,0.534121873051867,-0.367141802523878,5.925042301504
P4,A11,1.59580928198047,2.47413180797048,0.0724748356112588,-0.289079158223248,5.95164392606101
P6,C12,1.61863768702662,3.25248502030239,0.466249406326985,-0.600195187000305,5.69657248033006
P3,F11,0.116211870747755,2.56222535367962,0.130762401574637,-0.322911725259446,6.00810112561888
P6,E1,2.13673910309025,2.33585145341862,-0.17953177794744,-0.608081051342648,5.77556123164372
P8,E1,1.59267724483354,3.15805108445641,0.298816931502853,-0.848163580748327,5.59585423316382
P7,G7,1.38454955643057,2.69813321261729,-0.393536135435477,-0.491405851913108,5.89323904092427
P3,H8,1.92592909631464,2.5701626806271,0.219711304902743,-0.349821354653599,5.77229857177778
P8,F2,1.50890394299884,3.79290386540244,-0.155692467489811,-0.872145474220471,5.89646724349736
P7,E6,1.37024220677648,2.85075369055572,0.379329841340308,-0.31701489271132,5.62712470870454
P3,H10,2.05349129967931,3.14735756670769,-0.00210576768607593,-0.833035277389943,5.90045594640086
P4,G10,1.34433264503155,2.5519738954143,0.376003977248832,0.265249015402058,6.56674416543458
P6,D9,1.52155951320411,2.33193310209795,0.29693001691803,-0.479539889408086,5.61442101817694
P10,F8,0.823743735015656,2.32161338708069,0.562942962732604,0.296074865506353,5.99105113953124
P9,C3,1.96940554832538,1.69449666869958,0.66639346270118,0.26178385468486,6.42619204625866
P10,C3,1.53716788069934,1.93745876198793,0.208244113139589,0.137263975859572,6.18406484612187
P9,D8,2.30472426375767,3.073627680647,0.0374913442277457,-0.723353556773444,6.10593360944753
P10,E3,2.31838570561766,2.43633259571682,1.03522461582496,-0.80167468386396,5.59237513615132
P9,F1,2.20791127483009,2.80272232464489,0.328599064531533,-0.299753867337432,5.92572327329577
P10,G3,1.60291743023155,2.70991361413899,0.53398909571209,-0.0428682307994934,6.30255224091356
P9,A1,1.27939640684634,2.27163122669458,0.688262510317339,-0.58212305443088,5.69786535451709
P10,B2,2.15639125937365,2.39057899731683,0.552380420834783,-0.618266313578021,5.94769655980503
P9,D5,1.74004693951592,3.08711746739085,0.598271932353408,-0.545976281425528,6.00638409035824
P10,G5,1.65919205860184,2.81683368911586,0.184716838444494,-0.939626099730943,5.69219506038312
P9,B6,1.44418433960475,2.11802872801581,0.695580124801335,-0.49822435355479,5.96615979786352
P7,G3,0.947864475160656,3.56634440692163,0.42598380839829,-0.199071114423792,5.64028165652262
P7,B9,-0.989210337658844,2.55064989771857,0.127894338250985,0.125036636055639,6.11062247747762
P3,B4,0.913982823203373,3.28476904180858,0.196847283384503,-0.323306495627218,5.55491445403795
P7,F5,0.0655937825136825,3.49058916591705,0.165261062073908,-0.170221370764589,5.70574455257223
P7,B1,-0.0572799048398275,3.33550731262108,-0.0153527769297872,-0.289072783547118,5.49242669791836
P7,A6,0.663556613990166,3.66746619333365,-0.089471747770114,-0.574697618417449,5.73189216149302
P3,A7,1.54705615949358,2.90132926783778,0.103323023482714,-0.375695450752942,5.98694215163519
P8,D10,1.02113212237411,2.9976190005343,-0.0790708262971203,-0.0407971930152823,5.79590700490437
P7,E5,0.913412374479786,3.1934183849796,-0.311222352148567,-0.464285839312374,5.73343598911775
P8,E4,0.668748153221459,3.49579131662414,-0.0359598644692081,-0.54449138204543,5.93045731100925
P8,H12,1.21084822972064,2.08350923189011,-0.151969051499471,-0.121986762012941,6.01481514149482
P4,C12,1.68540333638635,2.93485687454309,0.1263346437024,-0.508304661576718,5.84845569958421
P8,C10,0.878765779982933,2.94747861442226,0.276891244774795,-0.105003709669018,5.90061745030716
P7,D7,1.01159895562342,3.51809691572917,0.115778553955311,-0.459401387883398,5.96869373339225
P8,G2,0.568881780667406,3.15415054142206,0.132264817924701,-0.0905045100338183,6.07151207885431
P6,B3,1.18469201317005,2.5972869326942,0.13982127960251,-0.405235930344996,5.8238484748028
P4,G8,1.69371050360769,3.04632489214195,0.205058202994776,-0.784605770400184,6.03398834374564
P8,C3,0.182044980738196,3.22881051399768,0.189526708705533,-0.491568644115478,5.98484603554466
P7,F10,0.311020657382181,3.26029064541735,0.0407595329182997,-0.513850320898558,5.78573184833482
P3,A10,2.22002031405297,2.91931133399473,-0.0365307369318213,-0.819582463401202,5.75698917161717
P4,B2,-0.0507300395419007,2.63275293871041,0.191079171374669,-0.621828050909998,5.96848444865507
P5,D12,-0.271556521735274,2.33922579125226,0.55307138492877,-0.187959922417372,5.84408616486829
P6,C1,1.57050254010478,2.05087697668479,0.318155153278942,-0.434085018581679,5.72673052167853
P5,G5,1.53625969401784,3.55543266891027,0.00333651972841034,-0.456053376324271,5.89454308303272
P3,F2,1.22989648499821,3.44613270852934,0.90091694825278,-0.215790037730681,6.11153944829539
P5,D9,1.10322407577148,2.233282698611,-0.00174201306661372,0.226555850626681,5.97250997311345
P6,F4,0.594528608763721,2.87087957557888,0.271889018509046,-0.531825450398616,5.68967754820826
P8,B4,-0.0736986692595759,3.65620248303984,0.215639282266714,-0.253253245677324,5.90555173107824
P8,E7,1.3941728965414,2.86763214661818,0.589067058346574,-0.505177814823982,5.54793052683844
P6,F9,1.84105875827175,3.54549445484925,0.281323139031953,-1.03003517818455,5.76146664253419
P3,E5,0.461468662001239,2.77110544426716,0.559338130135929,-0.519054895112394,5.8842514389772
P6,A4,1.4499337105045,2.87395248552154,0.225391848450489,-0.639153864657445,5.95914271528056
P6,G2,0.802175793591575,3.18224346702969,0.317549310747899,-0.46000300741177,5.77031876917587
P5,E10,1.46088498515234,2.55677275895246,0.898726176809518,-0.422071399885803,5.47418092105548
P7,G11,-0.606339137673772,3.49043445428833,-0.0648124957631675,-0.500020081146703,5.51121480204177
P4,E1,1.75240197554232,3.0748435307329,0.338861089437135,-0.333781456240126,6.0703587821177
P7,E7,0.831591237951197,3.26417144471101,-0.0165220281764907,-0.348267725596216,5.90517860573222
P4,A7,1.8131682021764,3.39342374690683,0.208070698700015,-0.677166969203299,5.84416767236635
P5,E8,1.79671505082439,3.1413640488059,-0.0197446591501041,-0.586739618396405,5.80606406820566
P4,F5,1.1506241960454,2.37921465735066,0.392451984173441,-0.225362060493739,6.1037331814557
P4,H5,1.20972117324627,2.78952741935926,0.209943461718317,-0.590138490257192,6.11123493600502
P5,D4,1.38034492800433,2.57244166457886,-0.0667760185439283,-0.18229937332666,6.00919594088395
P7,B11,0.467378942055408,4.0170524228921,-0.19229514422847,-0.31437061284032,5.35295083961632
P3,A5,1.74203428240086,2.2868202601817,0.739360547540794,-0.311660131745889,5.61090285216371
P7,D4,-0.746310407427786,3.08050485670838,0.136300644895974,-0.518598872321716,5.92421981720191
P8,B3,1.02504351490634,3.41072736486223,-0.158518625713113,-0.287583886237309,5.90691949824398
P3,C8,1.54704668280054,2.49271954102268,-0.223210036573437,-0.362659358785013,5.85695452626227
P3,E4,1.97772721565335,3.03246419352152,0.818690945346047,-0.72480439900392,5.67476388245306
P6,D1,1.65361501874075,3.09515194083527,0.406373445973702,-0.635335950258079,5.91243644934415
P5,B11,1.45767197935757,3.24035377500237,0.0483157722013507,-0.352769643458965,5.74519131338068
P6,D7,1.44337387297631,3.35452898780231,0.186982793817027,-0.557760049121718,5.7541721917494
P8,B6,-0.000384356547493581,3.49215864466486,-0.142753254822022,-0.353245994520834,5.71451520832766
P7,A7,0.479068773021379,3.34419556971982,0.124815384138139,-0.0649315108268188,5.93167620759638
P8,C7,0.542464358053569,3.79518573582015,0.309327574087536,-0.00946062110864959,5.66470921326582
P4,F12,1.35955516799759,3.01486800180091,0.237468935811626,-0.204802590098028,5.87583197019425
P7,B12,1.26797016773329,3.41058455518408,0.110563035541408,-0.479290644550052,5.90804700368557
P4,G6,0.400703464261525,2.11790924006479,1.00318305664889,0.527607761243234,6.23518119384472
P7,C1,1.49965671059745,2.07628755228541,-0.29840999468004,-0.24459017061353,6.08776168075243
P8,E5,1.11669260781298,2.87426632108113,-0.0593339990743202,-0.346817301863956,6.10829620141834
P3,B10,1.7930515534216,2.5453533016575,-0.113015324906886,-0.414513916472074,6.08347478690309
P7,B4,1.51792672354952,3.45653376543488,-0.203732660567912,-0.683729626098962,5.86834031426793
P8,A4,1.26600116724646,3.33119056035138,0.192354516822128,-0.578149956950805,5.86182888664281
P3,G11,1.9163730668624,4.08932083308801,-0.230022952712573,-0.673805355365406,5.6436407505712
P6,A5,1.1567333349073,3.20631680393364,0.37515173532326,-0.479612832160298,5.92132954110985
P8,E8,-0.920776501373232,3.13809597171709,0.239227275276514,-0.754216184520069,5.82526435556492
P8,D9,1.1723733859702,3.55222608786373,-0.0992951735506162,-0.37245361289844,5.94520738037297
P8,D3,0.951840562395588,3.54331903526401,0.107551776461207,-0.447767104801282,5.88284984188923
P7,C7,0.5068683414334,3.05598620541701,0.0246780088338456,-0.350855222054649,5.996547236984
P7,G6,1.47073745995975,3.04117952865495,-0.000635233550176015,-0.558689406149977,6.04428507053739
P8,A9,0.941695477202703,3.06189413262756,0.0144698646931759,-0.497663063455771,5.87227242401297
P7,C2,-2.99362870310102,2.22617953701817,0.407232703476472,-0.561292208337422,5.95477946952267
P4,G1,0.723599805283962,2.90305794548805,0.0714728306732014,-0.533539101840212,5.76478308995174
P5,E9,1.53516664333854,3.44343390337471,0.193455567144028,-0.547694833567944,5.72549447178248
P7,A2,0.626210071309055,3.62703929228743,0.381183722392025,-0.509565315064044,5.89275978146395
P3,B12,2.01891855704873,3.14316406587834,0.452488738286271,-0.779674645420434,5.96291156272934
P8,H6,1.12654102885554,3.85926362795052,-0.239544413666632,-0.426813505311352,5.59686632992572
P3,C5,2.08421255943369,2.86900930988733,0.158573462464157,-0.656102467794856,6.12380596166551
P8,G7,1.44148454661966,3.8177084935459,-0.297524127079801,-0.603697672554175,5.7133551133989
P8,B10,1.12104269715207,2.70384165994411,0.0801844165913346,-0.0533225113753886,6.07965740656793
P7,A8,0.911763402918958,3.50820376166699,0.107388516266346,-0.128556624559306,6.05669412203144
P6,C11,1.35357312274074,3.11262103982445,-0.0527004195017217,-0.222888746375997,5.93207056406622
P3,H3,1.02963810021556,3.47327880264035,-0.0985825035122208,-0.14976929141421,5.35970908544394
P5,F6,1.78257979489992,3.41222325423564,0.460753793494611,-0.68900646916536,5.43551781330725
P4,G12,1.62471148118509,3.0433844478473,0.286643476899346,-0.447339185455141,5.9770246126552
P4,E4,0.928219625021852,3.23247280417508,0.413877232716969,-0.693475660802586,5.932888701562
P4,A8,0.505500818094609,3.25347525296747,0.511594794478652,-0.0543912572724151,6.16865784394005
P3,C11,1.82344130947716,3.11646164668081,0.43739170488533,-0.524492221754863,6.06098547249919
P4,E12,0.588863249556437,3.25251941871031,0.0707331550946277,-0.469879353777985,5.76150331522839
P3,G9,1.47630788992375,3.2110444018341,0.363331239686898,-0.352892026574229,5.9623502558675
P3,F12,1.36674161023447,2.9459185148279,-0.488443354528659,-0.351932221922628,5.48887452841735
P3,G10,0.876241976126562,1.74278796780005,0.156141884293958,-0.073300283625216,5.80155471540549
P4,B4,-0.352143432461944,2.75367519748481,0.488588068817994,-0.394555293821385,5.51911135945832
P3,F7,1.4162025783709,2.38385279063292,0.165837179926422,-0.32213596872424,5.94509144733118
P5,A2,1.53731615119324,2.00089926397372,0.40158372531874,-0.460246010306438,5.70515758222263
P4,G11,1.79659813450279,3.91590546139584,-0.352244111649778,-0.707115360700615,5.60557163321486
P4,H8,1.99229610810377,3.04299436573691,0.0586484471702082,-0.705357414932485,5.90712078348858
P6,C2,1.67572701995436,2.74485115688851,0.544413188901551,-0.366168305503616,5.95355762178712
P3,C3,1.27818699374221,2.59462005793141,0.834344674183583,-0.241533986963358,5.9928925823921
P4,D5,1.89844276175162,3.53895837295425,0.606282179757237,-0.610254187055274,5.46887128729781
P3,G6,1.31281757095379,2.48035145347361,0.229819244558975,-0.060569532552914,5.87272687862489
P3,E2,1.6723318974505,2.19871379656047,0.157453091453457,0.330048302462606,5.9808686099291
P3,G2,-0.234472996963057,1.84163389745045,1.20278756811026,-0.640441317304564,5.57015484775867
P4,C2,1.47707054565887,3.3857858879898,0.348423269940603,-0.563270243938886,5.84722732570676
P3,F1,1.66768045560845,2.82199040578344,-0.00531566936254578,-0.407268431771402,5.92151715349283
P6,H10,1.93191846309454,2.4095855326335,1.58548791073079,-0.7014355887218,4.94804264897538
P3,C10,1.38120900002508,2.89839443129481,0.0625996919109306,-0.541946390010944,5.89398776038947
P4,B12,1.63760415442021,3.30977757531614,0.15389895926838,-0.619503576468235,5.96851161753024
P8,H7,1.46110964606419,2.82497276608964,-0.0669598274100706,-0.40817890529577,6.1137895431766
P8,E12,0.418206765201297,3.50891083064327,0.442853857272785,-0.200034551194579,5.84006162706713
P7,E9,1.28602655418874,3.13489933381788,0.0775106563969088,-0.40703322409612,5.85656090951296
P8,F9,1.24011364053876,3.62351375624672,0.111786975190671,-0.634019525498836,5.85606372730469
P7,A1,1.03793522886659,3.55311196585056,0.124750828821038,-0.318619687704638,5.91693587899087
P5,F1,1.96457893568979,3.72917451184576,-0.149668787826242,-1.12298404112465,5.5609440558088
P7,G8,-0.996494828376713,3.24184651027265,0.0356414275283078,-0.511743886738679,5.82372743705452
P8,C11,-0.384254353005131,3.44072822712718,0.00969013402249133,-0.365285565977474,5.81594489738324
P4,C4,-0.451359716539982,2.60395655899004,0.365875891245387,-0.545244607198251,5.90024236963918
P7,C3,0.318572277677456,3.17423046959303,0.30055529021977,-0.0942011119990693,6.07640346379345
P8,A11,0.946607573032649,3.18807975663271,0.38411672554163,-0.222358327359587,5.90495705267316
P7,G10,0.148436671136935,3.1415990528115,0.458099042401113,-0.034032000859389,6.13222842338645
P8,A7,-3.40949340357294,2.06804729253136,0.277188113012179,-0.659690623237186,5.87905313558976
P7,H6,0.619138148105898,3.22770985177059,0.0540789438789322,-0.333155142978677,5.89870303884469
P8,B7,-1.94680232440817,2.96631127909279,0.0660666437160714,-0.877591865542116,5.82800318538592
P8,D6,-0.19350469895486,2.86930611421222,0.498703663193625,-0.318166733416917,5.92562043504898
P4,G3,0.300184801902844,2.79560951814298,0.286120799824417,-0.721713272726736,5.97670021920661
P5,A9,1.14118438581427,2.88547408366882,1.07353371164522,-0.0240123856589541,5.4080909931593
P7,E10,0.314973153520665,3.05459290474351,0.055166815544627,-0.315034086790346,6.05962299540922
P8,B1,-0.47527296794679,3.03434547076546,0.0384462301370589,-0.448450222311149,5.80555391868209
P6,B10,0.838133457483499,2.43209864236463,1.02101611832115,-0.387939182340374,5.43218671699294
P7,E4,-1.44917375143436,2.80425032341039,0.346077457620717,-0.220919121564479,5.96564136494978
P4,H11,1.18622039140405,2.95686742629676,0.092015927873433,-0.594022523658096,5.86469115119371
P4,C5,1.23516265892447,3.21997123722195,-0.081373264962086,-0.474816451581953,5.68476968239737
P4,D9,0.691638573051713,3.48177298925171,0.0309417572796341,-0.839543773322743,5.76882656199042
P7,G4,0.382319331105025,2.79959577173265,0.0650214336510338,-0.504755278848827,5.89294539027153
P5,E4,0.163338841086471,2.55393448961137,0.0768510199226885,-0.173394903000776,5.7365574737766
P6,C10,0.891752344985884,3.37129816115055,0.0952274088112645,0.0776955492656778,6.00585727265862
P4,E9,-0.587326297989707,2.46080390370915,0.126836096654221,-0.902846517239022,5.7484384667742
P5,G7,1.23095563208878,3.42534587910243,0.454482388248526,-0.380793126532241,5.61522022601591
P6,G7,1.6380961298897,2.81098375851234,0.180879149784989,-0.487590872573023,5.80788153877395
P4,A9,-0.352794579466344,1.71599159708475,-0.101898502778864,-0.450689717737877,5.77531113828271
P5,C6,-0.136175589496519,2.93312199412191,0.0782924533240765,-0.688581726619224,5.9860654118465
P8,A10,-0.203014327315407,3.29620731958298,0.222078517055389,-0.355784470420113,5.94599182967422
P4,H10,-0.813537094672624,2.31762525505679,0.316567561416812,-0.495849671187952,6.02908099671715
P7,G9,-0.166203514923249,3.10909574436092,-0.00483594127147319,-0.0342951780794525,5.95855357460244
P8,B8,-0.866131947932233,3.10584028228764,0.112529582739362,-0.601168492317643,5.93600868831489
P5,G8,0.994912148020646,3.31013949723552,0.229281887466955,-0.560156006014309,5.69189732422056
P6,D3,1.85184563959587,2.30403530056712,0.19155728064731,-0.518928299432469,5.92644977290599
P5,D8,0.818352087061566,3.29018448627747,0.347423020587959,-0.158270072122945,5.92362503307308
P6,E12,0.479042728823219,3.19010308580664,0.240620434416792,0.118508100586442,6.00716994491514
P6,G3,1.85373071597273,3.35790037713617,0.0223791725539008,-0.73902204780352,5.77598199890164
P6,G9,0.566485469029446,2.98452061427367,0.000748426173562175,-0.223800895816924,5.85458022074554
P6,E4,1.72152347363045,2.42241454088401,-0.181765574568019,-0.670024439996931,5.95238867250129
P4,A4,-0.115066115764589,3.13724313271776,0.0538701480290054,-0.396757558799054,5.81482057726633
P6,E11,0.931657527009774,2.98331070145179,0.34627640207294,-0.430846319723745,5.85705315928948
P6,F12,0.00632450424822628,2.90823931853485,0.346205934607244,-0.388356526618749,5.96211188126453
P5,B6,1.79540101122904,1.5599653983147,-0.107763148135851,-0.137462164393108,6.02217270377652
P5,H11,1.82715829888038,2.42082130375389,-0.376169899487127,-0.616332547508289,5.90308790090574
P6,A7,0.101799340886668,3.32968945007555,-0.00914541342215307,-0.164881310322257,5.7272737498115
P4,A2,0.789734477173419,2.40721102084712,-0.0462813946618197,-0.114289535345869,5.57272315239842
P5,H9,-1.2210491765676,2.63671038289737,0.42945746527554,-0.391998356873389,6.04122421083464
P6,B12,0.726881680105717,3.10601949451141,0.258452579571587,-0.182369462370436,5.90783661343731
P5,E12,0.956866358969552,3.4943733607268,0.0463201576600247,-0.623019469066627,5.95455209244222
P1,D2,-0.0519699232150693,2.41700798578192,0.334134106472518,-0.479338664861209,6.05806011804007
P3,B3,-1.01163344480767,2.63757707593532,0.146540864826039,-1.12585348925941,5.96039207032081
P1,H5,0.53059408098739,2.50309116918407,0.120132156717525,-0.523809121128954,5.9065566549387
P5,H2,-1.13757693028419,2.76498670527759,0.220768779035555,-0.646776752921759,5.89022101782555
P1,E11,1.12623741584096,2.94131881757575,0.0263087410980655,-0.356599223867337,5.88029233512157
P6,F3,0.164022582055415,3.02098102983575,-0.000736252271802032,-0.85516904963869,5.84900604454391
P1,C10,1.49585105840049,2.97859128217358,-0.104282990688057,-0.0475482345921469,5.6201715892969
P1,D8,-2.12840465405359,1.64874401775865,0.394803595881169,-1.088167181456,5.9539959496803
P6,A11,0.171438656855399,2.8444869472439,0.298008459948516,-0.676171255577106,6.04912282651055
P1,F11,0.489283416657045,2.49408982758278,0.324851159565022,-0.443004938923294,5.96111220417626
P6,C9,0.206812523055647,2.18401347198428,-0.312682891156852,-0.0889893631096924,5.60074939454713
P3,C4,0.451375305638911,2.49332506184886,-0.166478137606723,-0.401608184557298,5.86346578671633
P2,A7,1.75806363510318,3.5687050572093,-0.0206711117908928,-0.503865581676811,5.7568294157807
P1,A4,-0.764988904502152,2.01697695330812,0.191207897880647,-0.29297753043395,5.4822085129165
P1,A10,-0.495295476416784,1.82124868027713,0.00428210312426744,-0.512878815773018,5.61940866501278
P2,H8,0.787400716282284,2.91892278943509,0.214120041092945,0.198888836140925,5.80549409327727
P5,A8,-0.136457020329591,2.26883004392605,-0.119482423924804,-0.577318588958295,5.96050906102433
P2,F3,-0.106921467616179,2.01205621152447,0.209271405561807,-0.741939885657376,5.88792313304212
P1,H11,1.35435159845689,2.93968497937576,-0.154706396774563,-0.498808775165889,5.83891148739825
P1,A7,0.212719296928945,2.50536539649473,0.746483851380228,-0.288895696880828,6.10524568878571
P3,A1,0.585647147259294,3.40530512668961,0.141059604768977,-0.256214827886278,5.50859441697154
P1,G9,0.52407032124255,3.26974058420345,0.47827204580765,0.111376725364316,5.955167595722
P2,E10,2.03713157422224,3.31483255518515,0.565024969698323,-0.611021220871375,5.99173989441418
P2,F7,0.94640603651223,2.07872281256488,-0.501421748579321,-0.54498513272566,5.74622101044338
P1,B5,-0.996941888593073,2.33016435511965,0.0733496527172423,-0.882977441840739,5.67390258260147
P2,E9,0.487110020006508,2.83558716593568,0.010060378147144,-0.0557332528981079,5.62274921275799
P2,H4,1.46407416405443,3.29710809306824,0.267504682958177,-0.216279534131472,5.78911546495771
P1,F12,1.13426057510462,2.8717815297537,0.0548584084799742,-0.352806084626383,5.68561980500081
P2,E5,0.857353643389872,2.48080589084224,0.117565335776973,-0.235861161950415,5.43889233265531
P1,B10,0.199858990770342,1.70672079796153,0.332791332350101,-0.434631486752733,5.98848611336991
P2,G3,1.3810678151454,2.21489680020264,-0.313775961589728,0.251264740873647,5.77531922569118
P1,E12,-0.458372904636522,2.50959012748316,0.0343802583613881,-0.494944585771636,5.50404873051158
P3,D11,0.341089853692493,2.77623050767852,0.29028511302208,-0.289292812036152,5.8868864836783
P2,G7,-0.96427782942773,2.62047784474291,0.934283606475416,-1.22877837909772,6.05121035811329
P1,G4,1.30610190340857,3.72320306348567,0.388384898409704,-0.0193856829501204,5.75420001990328
P3,B1,0.376214407154931,2.55883791994813,0.15071600933277,-0.495200415906961,5.87414369368766
P3,G5,0.453638550618336,2.73963828689913,0.051848525735097,-0.283232265284481,5.68626298452862
P1,H4,0.856979020113113,2.84362272430867,0.616020703080021,-0.579856750614739,6.08896716936955
P2,A4,-0.798867703261959,2.60247617197824,0.432241843433351,-0.677778456279068,5.68060086626579
P1,C9,-1.79475273670753,1.60054271517625,0.359552379287228,-1.005920354146,5.8502482430096
P1,C6,0.353392493729217,2.1047507001146,0.0195124769386014,-0.336502661145496,5.52736447412605
P1,D11,0.523628773996705,3.1780449943984,-0.262650716399563,-0.71160254258541,5.29096340022294
P3,B8,1.51166873396639,2.68121914130512,0.00555349975476741,-0.395819646898657,5.75092059910166
P1,C2,2.05271954366391,3.05581002556124,-0.358210907859657,-0.817581900395438,5.80934839319739
P6,H9,-1.23316552249277,2.0721148344801,0.149203295267292,-1.18132835461409,5.90474594123441
P3,D7,0.74478403432819,2.41445600387816,0.0505330828567407,-0.448984672087827,5.86703404600366
P2,B4,1.18051069282873,3.16419046884624,0.0164880739182743,-0.344801077486866,5.78826681906924
P1,E5,-1.2387018357486,2.11734282712051,0.322919518047294,-1.11001378019942,5.83318147323391
P2,G9,1.61522904581958,1.61565769085293,-0.661019529062972,-0.138728833643778,5.4583094076218
P2,A2,1.20021253295157,2.49009118507716,-0.21307378324647,-0.0899371686397336,5.58877051363645
P2,F6,0.679497046783022,2.91820466328907,0.151599217154341,-0.479950656524238,5.5820237421449
P2,C11,1.22968566558334,2.23795204692934,-0.0178624659550572,0.375263884299399,5.36673108145863
P3,C1,-1.50512728782837,2.25219573276384,0.510435602172606,-0.807417947472879,5.9726377047351
P1,D7,1.94594544302098,3.53002405813938,0.0129743286117459,-0.166702311580966,5.84756273044042
P2,B1,2.52251468580048,3.11512195901868,0.148700341469382,-0.630158763481861,6.00608857240936
P2,G4,0.656599328961939,3.21771469013313,0.365358058768616,-0.549780233638539,5.87902552694302
P1,G10,-0.152407156295494,2.44274258867735,0.0833859538484346,-0.785041421539981,5.87259721807027
P2,C1,0.628235150356741,2.85046224355316,0.130585779354874,-0.918477607123366,5.93406902000447
P6,H6,0.744706785101826,3.02138619408786,0.0211263118356033,-0.379945746325944,6.01374230830941
P3,E7,0.314258462080172,2.64102231035725,0.123130442534447,-0.477091476011069,5.70786746718174
P1,C12,1.54209091262571,2.38602686909331,-0.21704411445636,-0.174109936050575,5.90940728113237
P2,A6,1.2564748178298,2.6001502106867,-0.237682849951548,-0.292365711089587,5.67912627360317
P1,G5,1.27975068074212,2.71124984061748,0.425541689548421,-0.127269723817451,6.05474414631967
P1,H3,1.28719039022598,3.00807632432644,-0.0868330576958268,-0.635657895290538,5.75568021834419
P2,G1,1.29056178465989,3.46687337855935,0.308161199004064,-0.467528535610119,5.82299344916789
P2,C6,-0.366505495835625,2.74403784947192,0.481826106770459,-0.784337772346069,5.73184832596586
P2,C5,0.480214774148376,2.7691339604901,0.200154565206972,-0.516132955369238,5.68263428866207
P1,A6,1.73372981795366,3.13056713248866,-0.114351239469117,0.0700619302204618,5.72860213051979
P2,H7,-0.217667520041667,2.47357596205778,0.256331420106479,-0.845603436355478,5.84705590319086
P1,F3,0.98501227092163,3.18918195044773,-0.00172056887873535,-0.711788022407515,5.80508771600959
P5,B7,0.46983639190597,2.52719211507686,-0.162247300652944,-0.463900748119687,5.78260367272243
P3,A3,-0.30567632027042,2.82273005357557,-0.422228036670282,-0.695128870880928,5.44320861093794
P1,E1,-0.181514399326564,2.51225043397535,0.211055759593651,-0.995910953106644,5.85511933219249
P1,B8,0.128282944582962,2.80823442141276,0.576141185015757,-0.150986153961181,5.78216004411378
P1,E2,0.477206337330983,2.52717244661871,0.498294669214223,-0.243720014167445,6.01765845313687
P1,D9,2.62501543529105,2.93863413566651,-0.129169234961265,-0.881395788112053,5.81680480761959
P1,B12,1.2668315038694,2.53897505427913,0.608305413777192,-0.426787477968356,5.95204513447777
P5,F12,0.681679326866629,3.31722365227241,0.0880813427299375,-0.748090588696555,5.84535652073557
P2,E8,1.03203290084841,3.69554639994904,0.21224113485641,-0.34206749904841,5.72385109328896
P6,C3,-0.418207610290804,2.88307174398278,0.00171699190337096,-0.583785523420829,5.68526860629771
P3,A2,0.744269471283034,2.59548724897859,0.316408346972689,-0.254046803796479,6.02268495186491
P2,C7,2.28839259345432,3.40299354844294,-0.0766745427032752,-0.520967341499424,5.79868812451186
P1,H6,1.06559795373331,2.44173569137134,-0.489699728724232,0.0788551318403232,5.42792555754108
P6,A10,0.810551774421302,3.45449768597589,-0.326252896079013,-0.301394554464452,5.53663655048871
P1,D5,1.97518193632773,2.99290034738046,0.0874610126561542,-1.13070066083294,6.07169138130081
P6,E9,-0.769881179834639,2.84829012449034,0.192150383924434,-0.656749138726601,5.9693976626153
P2,B6,1.48048115464742,1.66431035090917,-0.364644862305929,-0.292832519525635,5.90497529759639
P2,F9,2.10463848950532,2.73916068848413,0.173235884461733,-0.725355838256063,5.85469984760248
P2,E11,1.4422112658615,1.48169640419671,-1.17688255387799,-0.00177178962735836,5.24437552883597
P2,C12,1.82654571124014,2.62117663415254,0.161279185204404,-0.478877823641055,6.02596959051584
P6,C7,-0.684627865269084,2.58958249132181,0.0924457558187309,-0.529737767343859,5.87876575355355
P1,F7,0.285591477914835,2.17277939392511,0.507808375008063,-0.384075018859399,5.8810283143229
P2,B10,-1.30921979229142,2.39795837608673,-0.066257062154623,-0.823429475720221,5.63817047527414
P2,F12,0.668012003385282,2.69432265740097,-0.300883989479321,-0.549207875315762,5.5134314292524
P5,D1,-0.294001330636155,2.61338118038585,-0.0296450685677849,-0.69406112979682,5.88648729864161
P1,D12,0.381702939235222,2.96604541334217,0.230129898689192,-0.909361792437139,5.56544359759435
P1,B7,0.521132993297258,2.52534490784075,-0.0942186970280118,-0.724857965529402,5.82697689343665
P2,A5,1.1238397047584,1.96196264137021,-0.120321912676569,0.0587683679462222,5.96416967614439
P1,D6,0.656070871243087,1.81939692831289,-0.07723638150222,-0.593238196740127,5.92489269020257
P1,F5,1.65240106228354,2.56140646404542,-0.184218226979935,-0.712563638029466,5.76267145311479
P2,B9,2.2340891007741,2.41954293499706,-1.00786676545971,-0.013608728841047,5.3582672312341
P2,A10,-0.38284524373252,2.37728190672078,-0.0944764682288842,-0.431783759961731,5.43555090555827
P2,C3,2.02776524921524,3.76754393741166,0.60451060672113,-0.835695599259082,5.92405363410281
P1,H1,0.0379905331943449,2.56140998398794,0.637904171424627,-0.513145524617584,5.97642554986708
P2,F2,1.31271817907635,2.47779706207276,0.278018025733891,-0.371506911823099,5.89886979368374
P1,D10,1.94820534431452,2.94800116269537,0.385475286594184,-0.783163973269618,5.97268441041719
P1,F9,0.900817320791917,2.52403019621871,0.345479931309698,-0.628522044338119,6.07396244268622
P5,F11,0.742486295185785,3.31512828526567,0.165005563495273,-0.496371218248682,5.98550550028475
P9,C7,1.20304982626159,3.27653580159631,-0.296460513645654,-0.377671107396437,5.69064501182725
P10,B5,-1.50399167824516,1.54012734101341,0.866387005582059,-0.453723875448015,6.15029656314508
P9,B3,-0.394979082500491,2.82801948988578,-0.601744127839592,-0.871717352857222,5.22743445876285
P10,H9,0.238768372184827,2.8490161338069,0.0455202087925708,-0.706304676847334,5.62537604113902
P10,H10,0.149788196482715,2.69164913494013,0.0581165543736742,-0.498619847255928,5.65548464640437
P10,E7,0.813566868636326,3.42538271657815,-0.248460946495269,-0.615068608804703,5.60532761162584
P9,A6,0.758996456734993,3.4246427261712,0.0799953392259034,0.029187079910322,5.41729280232118
P9,H8,0.264740192955529,2.61505057623843,0.958606169459555,-0.220248767526187,5.87029043884349
P10,E9,-0.062194171770641,2.72041655358503,0.056518273420079,-0.694373127872113,5.67541261371184
P9,D2,-0.292598489543599,2.34134062581762,0.450842411945669,-0.452840784893129,6.07549847955064
P10,G10,0.487198647906659,2.83678900039446,-0.0136733854540874,-0.299725164470821,5.67664080160833
P9,B10,0.398558810611804,2.96920238974822,-0.076193845513544,-0.472940746021276,5.64528266909385
P10,B10,-1.57571286459955,1.73289064202746,0.343961491246709,-1.07295133824804,5.81312018002586
P9,G6,-0.806723052083247,2.0301641561031,0.393199948433627,-0.48475432442125,5.75853888870979
P10,H4,-0.347060747906299,2.32117135048318,0.189782982864256,-0.699779516526849,5.74003867803486
P9,G4,1.44940990930819,2.6488329507343,0.370157638131532,-0.242337725548398,6.04073263715944
P10,C4,0.264718391191597,2.84892679036803,-0.112020020639602,-0.313014436248837,5.59811237779867
P9,D1,1.5782685185446,3.68507232760323,0.11341663525379,-0.29335987667767,5.89848949138062
P10,E5,0.317564214899136,2.39332259148109,0.456466383218231,-0.70746130213284,6.03632352080886
P9,D6,0.585955899002331,2.39124771589306,0.278904066679845,-0.850263038660377,6.03250395711468
P10,B4,1.12679966087103,2.28472438864204,0.0512966210296641,-0.728131652792729,5.91205027287876
P10,F6,0.915055235008041,3.46695414721451,-0.61492368483573,-0.444190665172739,5.10595518094561
P9,C5,-0.216248328494109,2.93178329777712,-0.157143284404227,-0.881969525822439,5.66633876050787
P10,D2,-1.9708057959985,1.37334761125373,0.722587914885455,-1.16889479683852,6.02628473673106
P9,B9,-0.57360254888664,2.53674335287924,0.274289096138832,-0.986350682745966,5.86463850271425
P1,G1,-0.377818070430737,3.35713912071958,0.0022474996835124,-0.888205846559023,5.43914321255619
P5,E11,0.227482283278632,3.54246693883336,0.30274268459497,0.0436382236963824,6.07379570802157
P1,E10,1.71269519364374,4.57225764270586,-0.161709151601588,-0.418999313859976,5.37439394746701
P6,B9,-0.382592241747977,3.19388898455382,-0.251819185530476,-0.704297042983322,5.42663379824723
P1,C4,2.07344180797901,4.47753142903863,-0.130787834265438,-0.398321762076044,5.52565531488394
P1,E3,1.25438358445053,4.13267988060953,-0.0213919714432474,-0.515020245428292,5.22637380085499
P2,C2,0.599067071182075,3.24320892957721,0.424839587136639,-0.322994575163719,6.01780965333062
P2,F11,1.09831098329066,3.51324537618845,-0.207991292439452,-0.0498882448727588,5.01052606255407
P4,H6,0.969933480590554,3.51123311515398,-0.0881014336016136,0.0405101107964734,5.67686772000648
P4,H7,1.63587343642818,2.9983874945624,-0.0912782168817257,-0.434954225947568,5.87072867273035
P3,D1,0.679250233754122,2.98515834938717,-0.0347205819986358,-0.148591020388083,5.59085939307635
P3,E8,0.484884693608794,3.4936743006212,0.105425726970533,-0.709166710620942,5.61397337926303
P4,A10,-1.24040077958787,2.54490236939301,0.152751497852161,-1.00639132781569,5.73786238380175
P1,F2,0.800416244802214,2.1958113294077,-0.25965422836196,-0.218400606024899,5.6918689955101
P1,B2,0.94925136141408,3.48468250640991,0.179458196844007,-0.743843355359195,5.68754512928565
P2,C10,1.65100154913146,3.78861463567555,0.170184881132689,-0.263688805559601,5.68319651384215
P1,A3,0.0315234895983736,2.62839486278199,0.555783412181335,-0.802809532175026,6.02085457325775
P2,A3,-0.810872900578713,2.03328464137948,0.251080625935214,-0.715258110342803,5.79902547028579
P1,B1,1.61699105756559,3.52185644776674,0.235803222709076,-0.138366741866076,5.779975591144
P1,H7,1.26321524209806,3.1455159152479,-0.141929695389501,-0.236694771523739,5.37803477607925
P2,E6,1.99131940992009,2.69568893533419,-0.015883605124355,0.429560934758548,5.85994506336747
P2,E12,0.641283795387726,2.70252791455125,0.193052083340767,-0.587501982411239,5.99647444428886
P2,E2,1.1776469023838,3.42082594310995,0.296217603278806,-0.557523600952777,5.94238515644274
P2,H1,0.0708610974112522,3.28838925253474,0.360923002051759,-0.948166646382225,5.85216063597103
P4,H4,-0.889159672608416,2.38776245502494,-0.0825590398589937,-0.937644127383851,5.7104699066587
P1,H9,1.15289153820807,3.03801316002679,0.135343714810945,-0.413167571641358,5.85223027770909
P4,F3,0.154371319231595,2.48330154519969,-0.266909705411328,-0.451395574262828,5.44680403311695
P1,A1,0.468095968633213,2.91497536136517,0.55846901358047,-0.212251005044085,5.62321993920544
P2,F5,1.02109901121494,2.99298100298572,-0.0012856561381251,-0.832126193646149,5.83826785325654
P1,C5,1.8407544287081,3.31949440597863,-0.268299491273554,-0.57613689197793,5.56041213515946
P3,H5,1.31725799642457,2.67884731926029,-0.210852030510398,-0.738197972351146,5.66873908763775
P2,G6,2.16649488558892,2.35992085262404,0.1327080782205,-0.525871124994914,5.82036744029372
P2,B11,1.24620628475317,2.2133672957531,-0.0650267405301567,0.223125851538907,5.28734316105214
P3,F9,-1.36999129360903,2.43582875047484,0.0544494122853412,-0.834139546451348,5.65836297037836
P4,B9,0.278158566738503,3.53368351022137,0.214577186824445,0.061359428356187,5.77110511371749
P1,A9,1.85219098326074,3.19810769496434,0.267144503316541,0.328386969935766,6.08262666498234
P2,A12,1.25740709614623,2.88518132271374,-0.0537267356939158,-0.370022288741009,5.48995069341307
P4,A1,0.27596706959959,2.3268704104107,-0.0156753847120675,-0.456114617883986,5.59670193211236
P3,B9,-0.480495958406403,3.08341906669782,-0.130088875607989,-0.511726305456119,4.97474688216952
P1,B11,1.17828269404593,3.30594761455832,0.872517428756587,-0.646611270375129,6.0209207354667
P1,D4,2.02171304953782,3.98188017902015,-0.00887325360529144,-0.575742717352925,5.41434704677595
P3,A4,1.16219283346944,3.29213416717692,0.327606590842166,-0.301556911281042,5.83206513087088
P3,F6,-0.181306177456848,3.45092874354028,-0.106210228130594,-0.289707460739498,5.4549013112597
P2,C8,-0.0127629259270942,3.62791413311525,0.401343254894734,-0.782602840029497,5.66147045246466
P2,G2,-0.81957971121369,3.38879017636078,0.280107306660021,-0.437882596971863,5.31483264437744
P1,G8,0.62591328460108,3.05877173990698,-0.239246511152698,-0.465028452202316,5.49475731811604
P1,E9,0.0888584169168537,3.3445260935385,0.864721623749072,0.0314674320554224,5.599578769828
P2,A11,1.53077554913531,4.52113148395081,0.512610812554816,-0.191012759926732,5.84364322093272
P1,A12,1.78783432175896,3.23498787447843,0.0380225761834185,-0.320659473744901,5.84034278003538
P1,G12,1.60956694888243,3.33675205657886,-0.162145878884217,-0.102193657622894,5.60588864654956
P1,A5,1.87290245601681,3.79490238312174,-0.0745651692436945,-0.381037075975285,5.69619386792319
P3,C9,1.07142969582107,2.84874892713976,-0.116425783932879,-0.558747306835022,5.81140539705108
P4,D8,0.526063362566357,3.51957114314185,-0.0183377038510509,-0.493444942306899,5.57214137660469
P2,E7,1.74097522414641,4.71746236225349,0.275510484552829,-0.458626347853663,5.57044201478903
P1,B9,0.578769742280334,3.70092568231112,0.210750264933675,-0.5421927533895,5.31518183070673
P3,H4,-0.580606866377948,2.81745337391382,0.221971152440103,-0.773171750769405,5.47007982504733
P2,H5,0.0865367082898981,3.61037320278633,0.488981269224369,-0.451162245283438,5.48599842376694
P2,G5,0.781235927507729,2.83971345335047,0.334605062523163,-0.684820214562249,6.08436987364684
P3,E1,1.44311905226841,4.27874375017349,-0.511945717399269,0.144743972612294,5.30334029047692
P2,G10,1.18999534286894,3.60670085973013,0.371653333246841,-0.591040504607872,5.93700082664413
P2,H2,0.552749527148451,3.40715242316542,0.508171674201202,-0.67382847242218,5.99592209277805
P4,D11,-0.786329433593367,2.73870924168253,0.307487119234384,-0.601195101490639,5.7508965467056
P4,H2,0.110345565065113,3.16783266760259,0.115741106845065,-0.677889730201846,5.70304359693107
P1,C3,1.56038875319088,3.9914370703037,0.315837889190005,-0.14736445252865,5.78927459210993
P2,B12,1.11864041302578,3.25800696336539,0.350928221909641,-0.520326939657916,6.13026411411533
P1,C7,1.52997791721787,3.93269779348344,0.355004696340887,-0.719362555472625,5.91662395107265
P1,E6,0.991797033952433,3.27638400883659,0.0385517224243466,-0.73356735974696,5.79638162636541
P3,A11,0.830329613782614,3.80414513321339,0.0271300652410937,0.0319293001211561,5.6552215661238
P2,G8,0.71996730114735,3.6031287242519,-0.030356180238835,-0.709378348608651,5.54813076489965
P1,B3,0.654439904088892,2.62818324682868,0.247334224224712,-0.489337597935573,6.00707668574841
P2,H6,1.94322080902599,4.01628667908589,0.284447502838608,-0.654207412520684,5.71169522202526
P3,H2,0.00588575510258838,3.42552063751513,0.208815449439911,-0.757621450921811,5.73071930523902
P5,F5,0.685755775195821,3.63863663179386,0.0863735186368171,-0.010639136015926,5.6492205715427
P6,F5,1.14823483946126,3.50050183084112,-0.269987737571518,-0.212966546669137,5.51671958334818
P5,G3,-0.0963911321132179,3.194178863425,-0.226733723129005,-0.566806875747442,5.38454266278883
P4,H9,1.32355087886739,2.89710335952715,-0.606782150326974,-0.158267684475458,5.32745424549054
P6,F1,1.40918899582833,3.84903852856165,-0.488412061096255,-0.458356986685703,5.49758748122615
P6,F11,1.70916528771757,3.52748731543089,-0.330450370652972,-0.762669906742935,5.65112575127092
P6,B8,-0.0568342760607793,3.23068472558098,-0.056596997502087,-0.781301422567314,5.65743660019739
P5,G11,-1.94326426862584,2.27588495290211,0.331626894094161,-0.879277061406773,5.76331459775626
P4,C9,-0.757182141746576,2.61766068663911,0.324755156649749,-0.935134188309486,5.77459923062205
P4,G9,0.28798450875738,2.82913759621544,-0.025747424581478,-0.67323199767092,5.52604593934214
P4,C1,0.796927190100175,3.43377853235084,0.107516082744329,-0.37631483277012,5.72294761761379
P3,G8,1.56159573482978,3.49583970371061,-0.242608330870919,-0.138867156344757,5.62849332221891
P6,C5,1.6374733868481,2.88641817911324,-0.390619152887276,0.090901431917597,5.64246777109387
P8,G11,-0.481168486246951,3.16959735223752,0.0811716337492672,-0.0484216646335511,6.0277594044032
P7,H11,0.237043943597664,3.86899395627691,-0.115356760192726,-0.429512810678004,5.67388733023847
P3,E9,0.395932639690481,3.18604383526118,-0.14884013308544,-0.903820095385135,5.72362613525848
P4,B8,-0.948661774598753,2.25454264780527,-0.17748959365952,-0.845936564716143,5.37840612467407
P4,C3,1.58738470119647,2.84886680878492,-0.651214391352239,-0.142230854063416,5.36771083681387
P3,G7,0.405315313178328,2.68942924122767,-0.178840835601628,-0.513532483814824,5.37036072969477
P6,E10,1.49487798992485,2.40653660913888,-0.0837289675330254,-0.592575652993998,5.95308973430409
P5,C1,0.566033832764771,2.69568969212866,-0.035103252125425,-0.233088285583008,6.01877527428058
P3,F10,0.552738986733211,3.35182569534874,-0.271309506297962,0.174882409906697,5.31543648078135
P3,B11,-1.84037651318137,2.023574986378,-0.145436093492227,-0.979505016371378,5.52346165211694
P7,G2,-0.676471333084244,3.52183037120137,0.00330614016743271,-0.466968903122243,5.83749083291072
P8,G10,-0.115014451397554,3.6114346146092,-0.221450410564676,-0.617433278885721,5.65457946166721
P3,E10,1.6213292864993,2.69633560160774,-0.00104546790573141,-0.241800566214252,5.39201084901194
P4,F11,1.7060438172156,3.33473992915698,-0.552728602190621,-0.617856836793258,5.51970455019206
P3,G3,1.24178277902235,2.86681524028114,0.456100669745764,-0.00188875469156025,6.05737630461011
P4,B6,-0.584681406950573,2.18901869830295,-0.275170014791191,-0.670943894327435,5.58399436162886
P5,H1,-1.18458468354596,2.63830665661707,-0.0228763326288131,-0.906096443663485,5.74169180720267
P6,A1,1.09634593845327,3.8303866908116,-0.0450968410174939,-0.0225396069869058,5.72744658415329
P6,D5,1.1139005353253,3.81569056136297,-0.104860563153765,-0.262852257551687,5.6606897665325
P5,A10,-0.17131506507482,3.0387667521311,0.0391909684241935,-0.569765370627072,5.79076528338039
P6,B11,0.660180278403303,3.57386793060394,-0.00216193957797506,-0.12523157147918,5.58820754485011
P4,G7,-0.420518944179185,2.78354982970669,0.209874287848593,-0.453422456422467,5.39026916939938
P5,H12,-0.0757437681522412,2.93812089378413,-0.17100731045019,-0.766171000107075,5.68939949509909
P3,D10,-1.67321017509928,2.45892797367555,0.112079001924159,-1.25452367842415,5.32835363695049
P3,E3,1.47910010287928,3.56750492789786,0.07292298494896,-0.147422413575245,5.85038177363938
P6,H3,0.942066727382391,3.47926597347001,-0.322477144586126,-0.286507102437546,5.41930685375608
P3,E11,-0.588520730070521,2.40876022594833,0.485051106897759,-0.612469212284658,6.019898068374
P6,G12,-0.943036480947142,2.5723352626137,-0.218425840313948,-0.668998862790636,5.41160620573659
P5,B4,0.334486838530238,1.7778581479316,-0.84770844756692,-0.282484006427664,5.24605573394807
P5,C12,0.413989078005656,2.67047631860878,-0.13647907960137,-0.351771595051417,5.91462093458557
P3,D12,1.51127674979632,3.37472372715969,-0.22334684076452,-0.42070755805028,5.72726730039186
P6,H1,0.124610505785099,3.23877909779679,-0.112204212673297,-0.249403443492426,5.66593260026965
P3,B6,1.10119956848011,3.34810434735105,-0.177384006278704,-0.406853982031021,5.71727449408706
P4,D10,1.3388921071682,3.4307532004793,0.0503909669737196,-0.294078506489324,5.69514962828305
P5,G4,0.903369547621143,3.00404596266649,-0.158185356127389,-0.519019165095863,5.82818653584792
P1,A11,1.88446176092032,2.8351799549605,-0.497772856385314,-0.285393305785495,5.45932981675851
P3,C7,1.52208267768833,4.17115179539124,-0.0364459772699769,-0.319407818292118,5.65609965555049
P1,A8,1.42268654983539,3.94088979370226,-0.242643988964213,-0.259611425684899,5.22267467288688
P2,B2,1.5908789644165,3.48850638073084,-0.0577346468866749,-0.0954994918218729,5.37089055898783
P1,A2,1.46558363563769,3.03156341818027,-0.505189598677671,-0.192020044280718,5.23152415494131
P1,E4,0.343512887190983,2.39910973289383,-0.19439186124463,-0.361204019027419,5.11235293309931
P2,B7,1.31073242150935,2.6114070308814,0.218104204391154,-0.396184735541307,5.75765137576176
P4,C8,0.343319893172835,2.92149957603284,-0.426868457010926,-0.518201862829425,5.01510435130508
P4,C11,1.3289429866581,3.37164615925243,-0.338464089713456,-0.0383508069509999,5.56115202343476
P5,G2,0.851923947766909,3.38373079931855,-0.114135136104695,-0.367806937102601,5.70949462177858
P2,A8,1.20087830336436,1.67026097236111,-0.762890278991386,-0.00880994408387686,5.34157893454156
P2,F1,1.28198942224671,2.94907660464979,-0.131252713104638,-0.561314550708731,5.48442022908436
P5,D11,-0.993829713106477,2.57579442556728,0.036976987651289,-0.798251343486327,5.83351556891542
P1,G2,0.0816992819132472,2.30482772806996,-0.475990513262785,-0.778344497950975,5.51656503286119
P6,G4,1.22341703966594,4.00642409792832,-0.287856000142784,-0.541130528659669,5.51305793479364
P2,B8,2.35517551831075,3.53814410776932,-0.0465485536415083,-0.517673236426037,5.80358538922626
P1,H8,0.337741772891502,3.05681822289025,0.237178164355394,-0.322745035141823,5.19911797956203
P4,F9,1.85258596456356,3.52747073697412,-0.207591346452597,-0.572430422074213,5.74754338177372
P1,H12,1.79863695124753,3.11564726801811,-0.306740337686773,-0.232069041354406,5.67737033604766
P1,H2,0.251935665112584,3.06779544186288,0.203247030206355,-0.798717360333609,5.56829298610753
P4,E6,1.68705660756661,3.47838183069712,-0.465721554656347,-0.207646943808176,5.51912647065427
P3,H12,0.359124934179148,3.35082724068039,0.13750026076013,-0.776476112077421,5.80947390040169
P2,E1,-0.703306673804828,1.98080101493686,0.164538182770829,-0.830191462203111,5.87155770818464
P5,F3,-0.244343440650018,3.34300962442756,-0.115685155759115,-0.930016682262593,5.68952572653355
P2,A9,1.75866291104404,3.64843008275662,-0.16086344122166,-0.670377544150632,5.60447699339002
P1,H10,1.45862289035607,2.51901968829339,-0.407512208160967,-0.0794535997196552,5.69100882888203
P6,E3,0.773009486759985,3.50998360050475,0.00682082806932977,0.656858792192887,5.66178615363835
P1,D1,2.20183025753152,3.15021374668704,-0.28885702824324,-0.320167234121123,5.74483139664132
P4,D4,-0.103239152749642,2.82441051090066,-0.0323412221576405,-0.328496906591232,5.27076861466291
P1,F6,1.35736189796745,3.13200328119883,-0.271165750385626,-0.365102757540217,5.43460763208235
P4,E8,1.84543138768575,3.41155945191469,0.0951500132691263,-0.628045230205731,5.90400498170473
P2,H3,2.34158005156351,2.68287887991211,-0.188766269743291,-0.572220864471936,5.93599762984033
P3,H7,1.45212155158262,3.78696913335332,0.083694360259265,-0.236256813747092,5.90093141633489
P2,F10,0.475698761608363,3.29983952326804,-0.246038156718058,-0.729818610656334,5.3621862147304
P6,H4,-0.366596653742178,3.45982508392988,-0.140730640668325,-0.53363803465572,5.37985724867454
P1,F1,2.11439488374094,3.14516639470135,-0.0667247033244647,-0.279274842015704,5.77261703037655
P5,H8,1.1050077662126,3.29814947092838,-0.147999494123886,-0.600109858042039,5.73196416845725
P2,A1,0.311697994842648,2.51482284126029,0.0806994393185085,-0.693075992434824,5.54262856714602
P4,A5,1.56619640357042,3.47073174183143,-0.325882064515565,-0.383303189964609,5.51161328429813
P1,G6,0.565501757467763,3.21007583143314,0.308792093075234,-0.895590568998286,5.86424571747476
P1,C8,2.34880800660505,2.81860073566146,-0.758971898395853,-0.251671658421532,5.62919249536781
P2,E4,1.94155880320107,3.23890246725351,-0.0720097621756965,-0.581762822278425,5.77890724495306
P3,H6,0.349622434850715,3.29600794607078,0.0209091671819027,-0.243199374332189,5.7183078281479
P6,B2,-0.3159132445877,3.19511093476108,0.146907003958988,-0.46788563453563,5.78141685015914
P4,B11,1.15762403310252,3.2828402178614,-0.181900027958569,0.215772068606916,5.54448195885353
P1,F10,2.47635550086546,2.90271920762281,-0.684339691916578,-0.268260607155714,5.53609430065652
P1,C11,2.28429767730902,3.69486602583644,-0.319884631199274,-0.364248419017231,5.65753391084645
P6,E6,1.22835875972721,3.86046480090663,-0.203461168287288,-0.163226660265194,5.60754970330459
P1,F4,1.50820124826777,2.01872882871406,-0.447705182442051,-0.00506352526732079,5.21368836978347
P1,C1,2.35485849484819,2.71397445142201,0.494903937522971,0.0166506233481873,5.20309756152897
P1,B4,1.86433097276909,3.30471496312857,0.516056855964443,0.118178675839852,6.11895533203302
P6,G6,1.1597967434242,3.21651777859588,0.12054527145016,-0.218854630844914,5.97223369148907
P5,B12,0.691222131656889,3.21608383386463,0.195943306581235,0.399840468464711,5.86960605422179
P3,D9,1.44572234830054,3.75115322374827,-0.0932517033615302,-0.155539941517746,5.56990928234076
P1,G11,0.7288988837724,3.27554100541439,0.130101795552219,-0.518657436695732,5.19851766401232
P6,G11,-0.403653718867898,3.43844902253144,-0.0760507839565429,-0.415666826667312,5.41972476031165
P3,H9,0.731953221693888,3.8242310173885,-0.353769261300211,-0.305062351024109,5.19651192902564
P2,G12,2.02827641839719,3.13200023119901,-0.478260320390109,-0.461541199309293,5.33171109279439
P5,A7,1.31492068480173,3.47649628946408,-0.397010542203859,-0.200952996003693,5.61019296813502
P2,C4,0.882038271323783,2.92956284604617,0.439857096076045,-0.355730165828085,6.01600963088181
P4,B10,1.35632223790561,3.42661769933209,-0.48091372174441,-0.0793114987921239,5.41300581084035
P2,E3,-1.11816866408695,2.47992152892881,-0.126474855509146,-0.767100670261818,5.27539145942326
P2,G11,1.87750491212071,3.6979595961462,0.0456069511710476,-0.378052852779757,5.69289610572015
P1,D3,2.10994457808222,3.28646446290871,-0.161925819511105,-0.241290167134325,5.77694766254021
P2,B3,1.52855074383785,3.30177736926907,0.288402226129555,-0.836379260459382,6.02313590729201
P1,G3,2.35392215738307,3.62685074185614,-0.352522626151948,-0.661565769005887,5.68078067443009
P1,G7,1.45203576814743,3.15556347818984,-0.0209330070498785,-0.23260970865084,5.68280849703862
P4,C10,1.42286242579316,3.32368364220907,-0.180558574904995,0.0241029867441323,5.7506307203632
P3,H11,0.855041950770429,3.79141732942124,-0.0746818212218494,-0.580582543576256,5.66523020637567
P1,E8,0.479093032380248,2.28149207466077,-0.01401278643028,-1.15252434949087,6.00031105457375
P5,E5,1.37644595529879,3.37249093962511,-0.0578756503709602,-0.283828257541679,5.8760988705241
P2,F8,1.45078938310305,2.91953006263383,-0.185855664244267,-0.39505852773571,5.55997920058133
P8,F5,0.0455792856573979,3.90704785329991,-0.00367138820575583,0.238083057347807,5.62296530862228
P7,C11,-0.0654689025843528,3.72107153213672,0.0236678290428313,0.031065746226376,5.37984218341984
P4,H1,-0.937278935785667,2.17443719970253,0.238293073289085,-0.436803523810204,5.45544030739532
P3,A6,1.19338705923177,4.13344067350858,-0.256439662047474,-0.528829840267,5.37574986121056
P6,H2,1.50628277787796,4.14158473457264,-0.132795128783427,-0.496049960377265,5.68875402374654
P7,A10,0.920051457834521,3.92576032179508,-0.0150167242992983,-0.403428292609525,5.86681273076276
P3,D6,0.704224938081424,3.45299712957227,-0.49398861647003,-0.155352524837449,5.11998440657914
P4,C7,0.0812566180650709,2.10580898545874,-0.136396660557008,-0.506133791470264,5.57202613458318
P5,F2,-0.846962636862392,2.95719256800633,0.111859535255776,-0.886326579527224,5.78424165290818
P5,D2,1.0960105153845,3.75647361894549,0.0137410198662114,-0.429099911207191,5.81145875723937
P4,H3,0.684283345733645,2.84567518676981,0.0650547811534008,-0.432471277784731,5.67907329455576
P3,E12,1.67460308763117,3.86535332858175,-0.00573019220858149,-0.580907091484862,5.78318531055315
P5,G1,1.02481005218323,3.70462699349499,-0.173127989053578,0.0717926080060638,5.58944913698085
P6,B7,-1.14992015767035,2.82028475779755,-0.00611797262121533,-0.846162370473811,5.54045589064639
P4,F6,-0.618699725686795,2.85359578755276,0.334368486539333,-0.776842808804098,5.87235296916248
P3,D2,0.341964835696702,2.99752712515458,0.125470286401672,-0.744412764123391,5.47167396313974
P5,D7,1.56348185116599,3.18028900877598,-0.446138302066661,-0.382427513766262,5.65623154874491
P6,C4,0.837593408872794,3.83020097403987,-0.118393707337585,0.423833967297452,5.62472208744902
P3,E6,0.19769437684018,2.96598582749519,-0.104052234116942,-0.429979464851419,5.02712784164616
P6,H11,-0.635949271556655,3.18210069465844,0.0653985166978247,-0.461214843796743,5.09135190500579
P4,E5,0.937465905505179,3.41103655461229,-0.193399555901239,-0.379433971632238,5.60957195654659
P6,H5,-0.390814203709666,3.34748204017247,0.0592696157309325,-0.497014168146401,5.64883811790566
P5,C5,0.729257750292964,3.18766116688296,-0.181536084525907,-0.534052510269784,5.6781090697684
P4,F1,-0.741985318231086,2.46177789902223,0.0793713270065845,-0.669153719542055,5.37659667557406
P5,H4,0.564498659794582,3.69434007954226,0.0674821954792308,-0.123100610906389,5.64746517869107
P4,C6,1.1141978300695,3.09700531130495,-0.472581889268459,-0.519541044023846,5.40518889216735
P3,F3,1.21591640102456,3.1688720692833,-0.289098859310101,-0.802901870332225,5.78185966068663
P6,G1,-0.767223810150206,3.11345273144936,-0.0226765277778147,-0.666678083213932,5.74485697351258
P3,D4,-1.2559631696007,2.81162503110368,0.229969828454206,-0.957582281035935,5.52122541184519
P4,D6,1.506759410802,3.27867467100833,-0.0562632974503056,0.0494140517302738,5.77266483464614
P4,D7,1.47833946230915,3.83483306582581,-0.449317301828955,-0.0113808529268019,5.4183556146629
P3,G12,0.645593362272973,2.94108441922349,-0.0660775383055953,-0.833319745399182,5.62557899592535
P3,B5,1.40227811295556,2.59711102343565,0.578407994721622,0.102208681007381,6.1264077029811
P5,B8,1.03546115581237,3.8248187724575,-0.0426071485257198,-0.15690472626315,5.64403014481899
P6,G10,0.934676022955091,3.72948667760898,-0.0150744418810406,0.0839332705603343,5.63224944593289
P6,F8,1.25021552986387,3.41620293957099,-0.0780104721386828,-0.29126902480809,5.82657333816758
P5,E3,0.264830534606664,3.5988221281663,0.0217840300287909,-0.383895077872243,5.54367874281762
P6,D11,0.941105769746902,3.46159040341768,0.245549611836445,-0.0335225395106645,5.20516657322876
P3,D3,0.262413554985144,2.90778653828436,0.126551856940355,-0.488892682533381,5.72893949625803
P5,B3,0.736850362479842,3.61406424800577,-0.176556188598499,-0.281678421077378,5.56433144288865
P5,A1,-1.2983874788787,2.804186423518,-0.0301050483731424,-0.694172427139102,5.46619825664477
P6,H7,0.0734234969188666,3.08561420241217,-0.0857061579133865,-0.344864051347705,5.80274349606738
P6,F7,0.197628698368669,3.16834025530487,0.0567524409751361,-0.33125508801385,5.63499937585296
P3,D8,1.55667950708024,2.0408914440982,-0.981341951919839,0.440550902931154,5.51559282434077
P6,A9,0.757731856821209,3.60844089285474,0.0169151572548305,-0.397676593608041,5.77424607489411
P3,D5,1.95439591115609,3.46834367308517,-0.292580339489753,-0.689717055152929,5.89947296144731
P4,G4,0.837960434740453,3.51452952908153,0.167560040721736,-0.349503227024141,5.6837675131397
P9,G10,1.98809064004102,3.07483511555582,-0.372489108841306,-0.160574592059222,5.71756730535878
P10,H1,1.39011660576548,3.204899853589,0.233033081732183,-0.37492839667342,5.82680709401026
P10,D4,0.320926032453932,2.62688586638591,-0.0171479385638229,-0.688726021501139,5.52424353829181
P9,F2,-0.0440915225276536,2.54796012782697,0.0866180351798453,-0.596065356421163,5.74756815420715
P10,G9,1.74883844439087,3.90566685703422,-0.468342552288833,-0.288302680332685,5.46399196862289
P10,E8,0.254539403868488,2.75473144622777,-0.00261829273018474,-0.383791320693824,5.20003387667688
P10,D7,-1.2083406995196,2.08569995730855,0.507210528256907,-0.867636196075535,5.96456900258004
P10,F4,1.38901296614038,3.38741856375954,0.111875080817047,-0.761164210419076,5.81450926230741
P9,E3,0.645624478069297,3.18250492393637,0.256245139847087,-0.17213862660981,5.37992860148832
P9,B7,-1.15717365296221,2.3633167798177,0.256076075285934,-0.590184749113426,5.38695203952438
P9,E1,0.672416598948847,3.29088423931798,0.104190433104173,-0.575907630278841,5.68278390522683
P9,A3,1.86967085257843,3.38521185366099,0.0168208162460618,-0.090011484410241,5.74055593702177
P10,C10,1.90193647060331,3.16766575309544,-0.296141819821225,-0.421459171133717,5.66770919946736
P9,A10,1.36143535662297,3.0693280092306,-0.410115467495873,-0.275386341873588,5.4225901606128
P10,H8,-0.764759516791208,1.97309050103849,0.445155694780649,-0.355746715220113,4.9670627671772
P9,G2,0.708368447530434,3.20637793547846,0.335480227170296,-0.443902562482256,5.55605316972005
P9,A4,2.15565726487842,4.04178968730951,-0.150815898022335,-0.135908613577842,5.70843447349064
P10,A10,1.54741684626672,3.55325551633776,-0.021794093069789,-0.356783413095397,5.63650478676282
P10,F3,1.49654594781565,3.35036932377569,0.147007543896499,-0.210814680275275,5.92481007227557
P9,E7,2.08089929630052,3.92342954526701,-0.34168375657795,-0.447565048841032,5.65170143919247
P10,A6,1.67993811668292,3.69738284143794,0.194517875850226,-0.526786660908547,5.86698954899678
P10,D1,1.4151928073225,3.53611973050014,0.00564465082186504,-0.415567960260783,5.72816144928587
P10,B9,1.66693780631751,3.38667249630188,0.400109258472675,0.00526112769856768,5.84388036497071
P9,G1,-1.22085594698981,1.92844570205932,0.225058322761239,-1.0112201013767,5.87262508735331
P9,F4,1.92393264578151,3.59318649779347,-0.125690537659119,-0.44973182051211,5.72519054118609
P9,H1,0.148825626367035,1.61879741514909,0.157320690530101,-0.882537561000106,6.06142070641741
P10,F9,0.837670500597341,2.34821690150092,-0.103844454147861,-0.603472723256385,5.56537798319341
P9,H6,1.36695882639255,2.20665231496352,-0.1828884321274,-0.953196686083528,5.71148978664021
P10,A1,1.45900303556692,3.67172110232625,0.0569284121893901,-0.683555760640283,5.74128086235674
P10,G1,1.61438279500453,3.44335508793345,0.0208392694020857,-0.274680449391744,5.89422277839676
P10,D6,0.973495076416318,3.49458850204574,0.0204037728756477,-0.187092279414797,5.42649758251238
P9,C9,0.0302431256552903,2.52511072901818,0.401519094357853,-0.443440338946321,5.27283462484801
P10,H6,1.34117312079436,3.24855002208587,-0.210810276160273,-0.540976531755314,5.66024699525506
P9,H7,0.579749579103158,2.82837551504701,-0.516519780630007,-0.453661809337133,5.23364400097352
P9,H4,1.97927121245686,2.4568795789222,-0.541103058913269,-0.683462464346984,5.64796244259985
P10,C8,1.45364675504041,3.16926611391322,-0.275221401616705,-0.613824866765377,5.4878933718818
P10,A5,0.967958929860132,3.20160373675368,-0.0451006628222413,-0.300619638825466,5.55539853197779
P10,F2,0.898861389750194,2.10198440227634,0.115715477230686,-0.72141130928297,6.01181459007993
P9,A9,0.0520692877401057,2.61265128549973,-0.102558305405082,-0.928788057398381,5.64274967793785
P9,F3,1.86957534600288,3.76924200084884,0.176147950312957,-0.593357706354628,5.86401609311837
P10,H3,1.81587320285339,3.7647325341195,-0.143028147071026,-0.501518823554811,5.72226581964308
P9,C1,0.47708597093584,3.42673234103595,0.154706407788252,-0.203060552559621,5.41744761266101
P9,H10,0.9754402325042,3.03064621307647,0.423276666101949,-0.472340878001403,5.21912219967775
P9,D9,2.22316043193658,3.45666686129305,-0.14849486352085,-0.582794849552136,5.82328201733483
P9,H2,1.0724622807974,3.31105760133005,-0.112475120553767,-0.517952551793906,5.43873168942964
P9,D7,0.5151154994836,3.09740113107794,0.179417493657898,-0.00928388227396021,5.41396163364696
P9,H9,1.50427906818599,3.40102848495517,0.0285174718940512,-0.399350973488107,5.72886394099423
P10,F10,1.5840420312137,3.36174443798613,0.221146139885059,-0.292162595949255,5.83021304579071
P9,H3,0.66665439366609,2.82200743876071,0.0522219313645183,-0.638376265482256,5.61554338856954
P10,B1,0.895338604285907,3.22329557188752,-0.149372101050356,-0.547255674794451,5.4653560187917
P9,E9,1.68980689579385,2.30398965387417,-0.293495006732159,-0.387879088019609,5.84270643822136
P10,F1,1.19140046399372,2.97226594252213,0.153985252304757,-0.500924116873404,5.87982328117884
P10,C6,1.41507185968721,3.54707185599147,-0.190926560134362,-0.223425854454401,5.49144462098819
P10,B3,1.02618729433419,3.2601526799759,-0.137695447585394,-0.25244751942955,5.27719632075747
P9,G9,1.21718635043077,3.02669786353574,-0.273834911843559,-0.142231224137991,5.46575460596811
P10,H2,1.80987920773458,3.58347566078647,-0.101699768682857,-0.330573627304584,5.7777103633061
P10,G8,1.92285867961229,3.19887954016598,-0.0990055439827106,-0.450167276272138,5.84876477590458
P10,C2,1.07985473905449,3.4953018484347,-0.09342190828482,-0.969204064684338,5.65862301494683
P9,A5,1.56947731910942,3.92329192292934,0.101108426768389,-0.70401789008446,5.74899369638542
P9,B2,1.08499312192758,2.72729556525289,-0.0185165777706453,0.665067968789664,5.88746782856967
P10,A3,1.81033313202802,3.52312160201457,0.039853579306032,-0.647685961086851,5.76317465199175
P9,C10,2.07005639154522,3.88832336195507,0.0658469638787589,-0.470012290976948,5.92289404694968
P10,H5,1.54110926578191,3.34887245178045,-0.332901298315632,-0.419412155367381,5.58059619437509
P9,C2,1.34973829862152,3.66837183907965,0.295509871976967,-0.500806387750192,5.81469159405063
P9,E8,1.18760617364988,3.43838878187794,-0.200187885530861,-0.20891364098131,5.52082840360775
P10,D5,1.86573687090573,3.58860497564902,-0.629514054472704,-0.20322877418204,5.53719745738373
P10,H7,2.06725853166523,2.532557184879,-0.0471018687974861,-0.202442538726278,5.83998723751353
P9,E6,0.0514130937437893,2.28900054848733,-0.278356522499963,-0.963744408979957,5.61417248281011
P10,A7,0.669632942938469,3.07613121070617,0.196786812514893,0.524517778689253,5.70702637948572
P9,A7,1.92217413723229,3.84733287763681,-0.301255992410899,-0.211590503832389,5.32748178934024
P9,D3,0.652796750400831,3.13382809310075,0.47058704761884,-0.59575549711352,6.05373806652117
P10,E1,0.94459522908723,3.62576829442399,-0.103328358952979,-0.424617976032223,5.46351083374164
